csf	csf_derivative1	csf_power2	csf_derivative1_power2	white_matter	white_matter_derivative1	white_matter_power2	white_matter_derivative1_power2	global_signal	global_signal_derivative1	global_signal_derivative1_power2	global_signal_power2	std_dvars	dvars	framewise_displacement	t_comp_cor_00	t_comp_cor_01	t_comp_cor_02	t_comp_cor_03	a_comp_cor_00	a_comp_cor_01	a_comp_cor_02	a_comp_cor_03	a_comp_cor_04	a_comp_cor_05	a_comp_cor_06	a_comp_cor_07	a_comp_cor_08	a_comp_cor_09	a_comp_cor_10	a_comp_cor_11	a_comp_cor_12	a_comp_cor_13	a_comp_cor_14	a_comp_cor_15	a_comp_cor_16	a_comp_cor_17	a_comp_cor_18	a_comp_cor_19	a_comp_cor_20	a_comp_cor_21	a_comp_cor_22	a_comp_cor_23	a_comp_cor_24	a_comp_cor_25	a_comp_cor_26	a_comp_cor_27	a_comp_cor_28	a_comp_cor_29	a_comp_cor_30	a_comp_cor_31	a_comp_cor_32	a_comp_cor_33	a_comp_cor_34	a_comp_cor_35	a_comp_cor_36	a_comp_cor_37	a_comp_cor_38	a_comp_cor_39	a_comp_cor_40	a_comp_cor_41	a_comp_cor_42	a_comp_cor_43	a_comp_cor_44	a_comp_cor_45	a_comp_cor_46	a_comp_cor_47	a_comp_cor_48	a_comp_cor_49	a_comp_cor_50	a_comp_cor_51	a_comp_cor_52	a_comp_cor_53	a_comp_cor_54	a_comp_cor_55	a_comp_cor_56	a_comp_cor_57	a_comp_cor_58	a_comp_cor_59	a_comp_cor_60	a_comp_cor_61	a_comp_cor_62	a_comp_cor_63	a_comp_cor_64	a_comp_cor_65	a_comp_cor_66	a_comp_cor_67	a_comp_cor_68	a_comp_cor_69	a_comp_cor_70	a_comp_cor_71	a_comp_cor_72	a_comp_cor_73	a_comp_cor_74	a_comp_cor_75	a_comp_cor_76	a_comp_cor_77	a_comp_cor_78	a_comp_cor_79	a_comp_cor_80	a_comp_cor_81	a_comp_cor_82	a_comp_cor_83	a_comp_cor_84	a_comp_cor_85	a_comp_cor_86	a_comp_cor_87	a_comp_cor_88	a_comp_cor_89	a_comp_cor_90	a_comp_cor_91	a_comp_cor_92	a_comp_cor_93	a_comp_cor_94	a_comp_cor_95	a_comp_cor_96	a_comp_cor_97	a_comp_cor_98	cosine00	cosine01	cosine02	cosine03	cosine04	cosine05	cosine06	cosine07	cosine08	trans_x	trans_x_derivative1	trans_x_power2	trans_x_derivative1_power2	trans_y	trans_y_derivative1	trans_y_derivative1_power2	trans_y_power2	trans_z	trans_z_derivative1	trans_z_derivative1_power2	trans_z_power2	rot_x	rot_x_derivative1	rot_x_power2	rot_x_derivative1_power2	rot_y	rot_y_derivative1	rot_y_derivative1_power2	rot_y_power2	rot_z	rot_z_derivative1	rot_z_power2	rot_z_derivative1_power2	motion_outlier00	motion_outlier01	motion_outlier02	motion_outlier03	motion_outlier04	motion_outlier05	motion_outlier06	motion_outlier07	motion_outlier08	motion_outlier09	motion_outlier10	motion_outlier11	motion_outlier12	motion_outlier13	motion_outlier14	motion_outlier15	motion_outlier16	motion_outlier17	motion_outlier18	motion_outlier19	motion_outlier20	motion_outlier21	motion_outlier22	motion_outlier23	motion_outlier24	motion_outlier25	motion_outlier26	motion_outlier27	motion_outlier28	motion_outlier29	motion_outlier30	motion_outlier31	motion_outlier32	motion_outlier33	motion_outlier34	motion_outlier35	motion_outlier36	motion_outlier37	motion_outlier38	motion_outlier39	motion_outlier40	motion_outlier41	motion_outlier42	motion_outlier43	motion_outlier44	motion_outlier45	motion_outlier46	motion_outlier47	motion_outlier48	motion_outlier49	motion_outlier50	motion_outlier51	motion_outlier52	motion_outlier53	motion_outlier54	motion_outlier55	motion_outlier56	motion_outlier57	motion_outlier58	motion_outlier59	motion_outlier60	motion_outlier61	motion_outlier62	motion_outlier63	motion_outlier64	motion_outlier65	motion_outlier66	motion_outlier67	motion_outlier68	motion_outlier69	motion_outlier70	motion_outlier71	motion_outlier72	motion_outlier73	motion_outlier74	motion_outlier75	motion_outlier76	motion_outlier77	motion_outlier78	motion_outlier79	motion_outlier80	motion_outlier81	motion_outlier82	motion_outlier83	motion_outlier84	motion_outlier85	motion_outlier86	motion_outlier87	motion_outlier88
345.0504786969792	n/a	119059.83284901449	n/a	239.2935315468457	n/a	57261.39424016125	n/a	231.1024114366333	n/a	n/a	53408.32457182693	n/a	n/a	n/a	0.0086264679	-0.0700182979	0.0186580356	-0.0573350404	-0.012709071399999999	0.0400138317	-0.0095932041	0.0228461059	-0.0476852037	0.031613666400000004	-0.0410570446	-0.0412200736	0.042890638099999996	-0.0163196828	0.004950147	-0.0083052238	0.0467114308	-0.0449521709	0.0549739594	-0.0916649418	0.0777807385	-0.0222612234	0.0455360478	-0.0194064692	0.0407657897	-0.0137716001	0.0126975223	-0.0684885332	0.1073659614	-0.037184	0.0625208178	-0.0759477812	0.0067873852	-0.0010070496	0.0399388399	-0.051214403799999995	0.0127472798	-0.08861838710000003	0.0033172214	-0.018738849499999998	0.0518811411	-0.007213009	0.038788588799999996	-0.0166156759	0.035280802400000005	-0.0185634647	0.017353838	-0.030168121200000002	0.0647010314	-0.0984894365	0.0032453418	-0.0039377375	0.0019678628	0.003137022	-0.0320476734	0.0349391107	-0.0148955848	0.024955179100000002	-0.0268426741	-0.0319329102	0.0352583219	-0.0347184986	0.0344943537	-0.0140091407	0.0590978012	-0.026621576400000003	0.0524154866	-0.058012190400000004	0.1132797104	-0.052722451	0.025926449	-0.022833765699999998	0.0082153567	-0.0425660548	0.0165514919	-0.0987337244	-0.0690847426	0.051203918	-0.0868860991	-0.031190197700000002	0.043512353399999995	-0.09326922210000001	0.0096620877	-0.0082971806	0.06735027240000001	-0.0338881907	0.0098771155	-0.0372670205	0.027131497200000004	-0.04227117230000002	0.0503556932	-0.022282059	0.0030104319	-0.0071348761	-0.010160791800000001	0.003216245	-0.0151417441	0.0570014456	0.0017694751999999996	-0.0324924933	-0.0032569890999999997	0.0645873968	0.0915143033	0.0928455409	0.0928391566	0.09282851630000001	0.09281362060000001	0.0927944701	0.0927710658	0.0927434086	0.0927115	0.0926753413	-0.111231	n/a	0.012372335361	n/a	-0.162481	n/a	n/a	0.026400075361	-0.08381910000000001	n/a	n/a	0.007025641524810001	0.000326038	n/a	1.0630077744400001e-07	n/a	0.0008531759999999998	n/a	n/a	7.279092869759995e-07	-0.00227788	n/a	5.1887372943999985e-06	n/a	0.0	0.0	0.0	0.0	0.0	0.0	0.0	0.0	0.0	0.0	0.0	0.0	0.0	0.0	0.0	0.0	0.0	0.0	0.0	0.0	0.0	0.0	0.0	0.0	0.0	0.0	0.0	0.0	0.0	0.0	0.0	0.0	0.0	0.0	0.0	0.0	0.0	0.0	0.0	0.0	0.0	0.0	0.0	0.0	0.0	0.0	0.0	0.0	0.0	0.0	0.0	0.0	0.0	0.0	0.0	0.0	0.0	0.0	0.0	0.0	0.0	0.0	0.0	0.0	0.0	0.0	0.0	0.0	0.0	0.0	0.0	0.0	0.0	0.0	0.0	0.0	0.0	0.0	0.0	0.0	0.0	0.0	0.0	0.0	0.0	0.0	0.0	0.0	0.0
338.61231498212345	-6.4381637148557616	114658.29985755279	41.44995201928535	239.10401875742298	-0.18951278942273572	57170.731785950076	0.03591509735478619	229.90312698626857	-1.199284450364729	1.4382831928866304	52855.447798064335	0.8851870000000001	41.368454	0.14431949999999996	-0.0012324395	0.036718304900000005	0.0052962165	0.0495877977	0.0019672420999999997	0.007275463399999999	-0.0143021606	0.0034103263	0.016051633	-0.023338641	0.0423454067	0.0421836479	-0.021633194300000002	-0.0298411058	-0.023512476600000002	0.0075057809	0.006907094	-0.0557364197	0.0839494975	0.0059018184	0.039024122200000004	-0.024675736	-0.0929645293	0.0216173536	0.0152177792	-0.0028891736	-0.0115535562	-0.0039445125	-0.0313514305	-0.042298773600000006	0.0638597441	-0.0904464824	0.11693529679999999	0.11590566699999999	0.0330459075	-0.0077556885	-0.0139070827	0.0212392138	-0.0032679705	0.028582903399999998	0.0910801275	-0.0030358325	0.027996072200000003	0.0264975521	-0.0076815139	-0.0183610663	-0.0612915217	0.0198058455	-0.022493721	0.028064855099999998	0.0232460141	0.021217579900000002	0.0099704219	0.0009756580999999999	-0.0033830842	0.0133178823	0.009334558199999999	-0.0199172543	0.0286713669	0.021290917799999996	-0.0458395868	0.0346674972	0.056007427	-0.0349924487	-0.0418102089	0.018573224	0.06635646190000001	-0.0496556016	0.0060694376	-0.09952338210000004	0.011302869299999999	-0.04703649730000002	-0.0529377008	0.0020792976999999997	0.0125256895	0.04728970230000002	0.04491732650000002	0.042727406100000004	-0.001373422	0.0646651454	-0.091798232	-0.1736287698	-0.0363168482	0.0079171195	0.040743041699999996	0.0369506415	-0.0108765871	0.007830823399999999	0.0399081409	-0.0360238638	0.0090421661	0.030788160800000002	-0.020264750800000002	-0.0425829993	0.0586989156	-0.0753575579	-0.07281275870000001	0.0770342127	0.0187999398	-0.023610911499999998	-0.0298870529	0.021021488199999997	-0.0196745177	0.09282851630000001	0.0927710658	0.0926753413	0.09254138220000001	0.092369244	0.0921589975	0.0919107295	0.09162454240000001	0.0913005544	-0.0959043	0.0153267	0.00919763475849	0.00023490773289	-0.110928	0.05155299999999999	0.0026577118089999986	0.012305021184	-0.08432310000000001	-0.0005040000000000044	2.540160000000045e-07	0.007110385193610002	0.00156206	0.001236022	2.4400314436e-06	1.5277503844840004e-06	0.00105108	0.00019790400000000027	3.916599321600011e-08	1.1047691664e-06	-0.00217309	0.00010479	4.7223201480999985e-06	1.09809441e-08	0.0	0.0	0.0	0.0	0.0	0.0	0.0	0.0	0.0	0.0	0.0	0.0	0.0	0.0	0.0	0.0	0.0	0.0	0.0	0.0	0.0	0.0	0.0	0.0	0.0	0.0	0.0	0.0	0.0	0.0	0.0	0.0	0.0	0.0	0.0	0.0	0.0	0.0	0.0	0.0	0.0	0.0	0.0	0.0	0.0	0.0	0.0	0.0	0.0	0.0	0.0	0.0	0.0	0.0	0.0	0.0	0.0	0.0	0.0	0.0	0.0	0.0	0.0	0.0	0.0	0.0	0.0	0.0	0.0	0.0	0.0	0.0	0.0	0.0	0.0	0.0	0.0	0.0	0.0	0.0	0.0	0.0	0.0	0.0	0.0	0.0	0.0	0.0	0.0
340.7642866184995	2.1519716363760613	116120.29903461489	4.630981923767061	239.16502697254685	0.061008215123877114	57199.91012677906	0.003722002312601268	229.96977399692287	0.06664701065434997	0.004441824029161039	52886.09695219581	0.86213	40.290897	0.1881843	0.000494451	0.018383503500000002	-0.0600233771	-0.0068328259	-0.0179232768	-0.0517949567	-0.0082052889	-0.039969256	-0.0026333735	-0.0132213047	-0.026107170699999998	-0.0349903024	0.0035441801	-0.074083087	0.05727782	-0.0204828328	0.0228693559	-0.0372610511	0.0763197145	-0.0011519445	0.0244644902	0.0105775884	0.021454331200000003	0.0663458087	0.048002740099999996	0.0666301854	-0.027527717900000002	0.0733580831	0.0491111696	0.0277918773	-0.065112343	-0.0517316901	0.0810707918	-0.0087331063	-0.0077167163	-0.0704765585	0.0517910667	0.0692612544	0.0044244765	-0.0325862372	0.057880771399999996	0.0445119573	0.0046167655	-0.021281724100000003	-0.005164568400000001	0.0410475317	-0.1330974118	0.0098561439	0.0170195038	-0.0009203630999999999	0.042350220300000005	-0.062663838	-0.0036991008	0.0183777389	0.050894898200000004	-0.0311803763	0.0387993984	-0.0056361382	-0.021577156099999998	-0.014299623300000001	0.0463083583	-0.0197400822	0.0842456542	-0.0037657528	0.0516232724	0.0421679913	0.0738317417	-0.0444942299	-0.0379404845	0.010634635900000002	0.047804445099999995	-0.0246925827	-0.0032952311	-0.011304410400000001	0.035648648	0.11991410029999999	0.0037000694	0.045356975300000005	-0.028189523799999998	-0.1007045833	-0.028006185	-0.051887143	-0.0266100242	-0.0104766028	-0.036940358300000004	-0.07173750940000001	-0.0520750461	0.0351472855	-0.0413876256	0.0235427192	-0.0299187025	-0.0009037102999999999	0.0720028228	0.0831573071	0.1057047453	-0.042444967400000005	-0.0038687907000000002	0.0448827068	-0.1033532609	-0.058947084800000014	-0.1319808561	0.014926019799999999	-0.0176234282	0.0927944701	0.0926349341	0.092369244	0.09199770410000001	0.09152074019999999	0.090938899	0.0902528472	0.08946337089999999	0.0885713748	-0.0957096	0.0001946999999999921	0.00916032753216	3.7908089999996916e-08	-0.135939	-0.025011000000000002	0.0006255501210000003	0.018479411721	-0.138794	-0.05447089999999999	0.0029670789468099986	0.019263774436	0.00269927	0.00113721	7.286058532900002e-06	1.2932465841e-06	0.000911446	-0.00013963399999999992	1.9497653955999976e-08	8.307338109160001e-07	-0.0030664	-0.00089331	9.402808960000001e-06	7.980027561e-07	0.0	0.0	0.0	0.0	0.0	0.0	0.0	0.0	0.0	0.0	0.0	0.0	0.0	0.0	0.0	0.0	0.0	0.0	0.0	0.0	0.0	0.0	0.0	0.0	0.0	0.0	0.0	0.0	0.0	0.0	0.0	0.0	0.0	0.0	0.0	0.0	0.0	0.0	0.0	0.0	0.0	0.0	0.0	0.0	0.0	0.0	0.0	0.0	0.0	0.0	0.0	0.0	0.0	0.0	0.0	0.0	0.0	0.0	0.0	0.0	0.0	0.0	0.0	0.0	0.0	0.0	0.0	0.0	0.0	0.0	0.0	0.0	0.0	0.0	0.0	0.0	0.0	0.0	0.0	0.0	0.0	0.0	0.0	0.0	0.0	0.0	0.0	0.0	0.0
334.9071765719883	-5.857110046511196	112162.81691942096	34.30573809694238	238.40351547136208	-0.7615115011847706	56836.236189103976	0.5798997664366831	228.29537529845345	-1.6743986984694743	2.8036110014362694	52118.77838266171	0.949643	44.38074500000001	0.3026865	-0.0366178827	-0.0786764794	0.0156715496	0.024506984	0.0022340629	0.035314516000000004	0.0658446074	0.032362871	0.0006770161	-0.0458245785	-0.0743315584	-0.014095263	0.0442278932	0.012363164	0.0339163305	-0.048739554299999995	-0.0309519892	-0.0413442161	-0.1068141672	-0.0431579341	0.0056872895	-0.0166365783	0.022558010099999998	0.022907262299999998	-0.0601630102	-0.0283220587	0.0259654568	0.0144157843	0.0741831565	-0.1765380376	0.014797271399999999	-0.0068102013	0.062405930199999994	0.010045032800000001	-0.0599326251	-0.0307574669	-0.008791775	-0.046912080300000006	-0.0291146209	0.0962732292	-0.0189924152	-0.0615022743	0.0872422226	0.0090722205	0.0637222876	-0.0042297876	-0.1005309319	-0.028725382799999997	0.017242845700000002	0.0234398844	-0.0754537583	0.0159045923	-0.037454269500000005	0.0038050989	-0.044825897	-0.022473483	-0.051967291799999996	0.0049318907	-0.0956682861	-0.025287648599999997	0.0366683664	-0.0400595824	-0.0281661012	0.0291889651	-0.031731359199999996	-0.0652860997	0.0331062166	0.0755251027	0.05939310110000001	-0.0865348591	0.0079065283	-0.0726129886	0.17435384059999998	0.0390089583	-0.0263733862	-0.0471904034	0.05239239019999999	0.0008245014999999999	0.1301498139	0.041012987	0.0229046931	-0.0363085085	0.06384287820000001	-0.0241333929	0.0400967881	-0.0153640445	0.0081390573	0.019158057	0.06484270190000001	-0.0105695915	-0.0055566367	0.0317277361	-0.027621109799999998	0.080516705	0.0681989552	0.10457970789999999	0.0642108121	0.0028629348	-0.0033708851	0.0514215073	-0.1427603327	-0.1131971919	-0.0746054443	0.0927434086	0.0924308615	0.0919107295	0.0911841808	0.0902528472	0.08911882019999999	0.0877846467	0.0862533231	0.0845282884	-0.104255	-0.008545399999999995	0.010869105024999999	7.302386115999991e-05	-0.320395	-0.184456	0.03402401593599999	0.102652956025	-0.148404	-0.009610000000000007	9.235210000000013e-05	0.022023747216	0.00403004	0.0013307700000000002	1.6241222401600008e-05	1.7709487929000005e-06	0.000338134	-0.0005733120000000001	3.286866493440001e-07	1.1433460195600002e-07	-0.00296898	9.741999999999996e-05	8.8148422404e-06	9.490656399999995e-09	0.0	0.0	0.0	0.0	0.0	0.0	0.0	0.0	0.0	0.0	0.0	0.0	0.0	0.0	0.0	0.0	0.0	0.0	0.0	0.0	0.0	0.0	0.0	0.0	0.0	0.0	0.0	0.0	0.0	0.0	0.0	0.0	0.0	0.0	0.0	0.0	0.0	0.0	0.0	0.0	0.0	0.0	0.0	0.0	0.0	0.0	0.0	0.0	0.0	0.0	0.0	0.0	0.0	0.0	0.0	0.0	0.0	0.0	0.0	0.0	0.0	0.0	0.0	0.0	0.0	0.0	0.0	0.0	0.0	0.0	0.0	0.0	0.0	0.0	0.0	0.0	0.0	0.0	0.0	0.0	0.0	0.0	0.0	0.0	0.0	0.0	0.0	0.0	0.0
341.18702221495965	6.279845642971338	116408.58412791135	39.4364612995461	239.1471255932783	0.7436101219162197	57191.34767952723	0.5529560134162551	229.10376572200542	0.8083904235519697	0.6534950768905329	52488.535468003545	0.976224	45.622963	0.4339033	0.0030834128000000005	0.0319559729	0.0157620309	0.0329899206	0.0047351794	0.026409980099999997	-0.0347965176	0.0014637947	-0.0067866344999999995	-0.0143686492	0.0842101207	-0.0086891337	0.022137825099999998	0.107754882	-0.0351291255	0.060644407699999986	-0.01201064	-0.027840814199999998	0.0348838482	-0.0454743258	-0.0759521391	-0.010877297	-0.060811757599999995	-0.0262786759	-0.055652907300000005	-0.0037236965999999996	-0.0007019592	-0.0436004599	-0.10098903740000001	-0.0747936119	-0.0158459978	0.0432522695	-0.0122451485	-0.0103671983	0.0018277079000000001	0.09025249789999999	0.06233828070000001	0.0156762513	-0.0288400688	0.0730265605	-0.0710068875	-0.0387997632	0.0898896809	-0.012879769	-0.016952777	0.0322268349	-0.047860586600000005	0.0132141236	-0.0005902279	-0.015908199799999998	0.06621328809999999	0.0599113645	0.0175202437	-0.004962146	-0.0195353327	0.0288612567	0.00030540119999999997	-0.028301746099999997	0.0448363684	0.0621933876	-0.054816866500000005	-0.0547496598	-0.0834564557	-0.0164487756	-0.08359901730000001	-0.0194640186	0.0197760017	0.0023275495	0.09582195710000001	0.086163216	-0.0591112776	-0.0310304939	-0.053109154900000004	0.0821545419	-0.0454346375	-0.0189061316	0.033974506099999996	-0.0234980306	0.051100599299999994	0.0558764095	0.0096856012	0.13554474689999998	0.051622238499999994	-0.032231952700000004	0.0502392569	0.0315923044	0.0565641136	-0.0447635889	0.0415654024	-0.0022606338	-0.0174119545	-0.0026238077000000004	-0.021186283900000002	-0.0231575125	0.045596734400000005	0.0286194234	0.06174971820000001	-0.0234044632	0.028749857099999998	-0.12078974869999999	-0.0195255128	0.0628990529	0.0782077146	0.0926753413	0.0921589975	0.0913005544	0.09010319859999999	0.0885713748	0.0867107692	0.0845282884	0.0820320339	0.0792312721	-0.0684057	0.03584930000000001	0.00467933979249	0.00128517231049	-0.15063900000000002	0.16975599999999996	0.028817099535999983	0.02269210832100001	-0.120452	0.027952000000000005	0.0007813143040000003	0.014508684304	0.00116283	-0.00286721	1.3521736088999995e-06	8.220893184100001e-06	0.000338134	0.0	0.0	1.1433460195600002e-07	-0.00182927	0.00113971	3.3462287329e-06	1.2989388840999998e-06	0.0	0.0	0.0	0.0	0.0	0.0	0.0	0.0	0.0	0.0	0.0	0.0	0.0	0.0	0.0	0.0	0.0	0.0	0.0	0.0	0.0	0.0	0.0	0.0	0.0	0.0	0.0	0.0	0.0	0.0	0.0	0.0	0.0	0.0	0.0	0.0	0.0	0.0	0.0	0.0	0.0	0.0	0.0	0.0	0.0	0.0	0.0	0.0	0.0	0.0	0.0	0.0	0.0	0.0	0.0	0.0	0.0	0.0	0.0	0.0	0.0	0.0	0.0	0.0	0.0	0.0	0.0	0.0	0.0	0.0	0.0	0.0	0.0	0.0	0.0	0.0	0.0	0.0	0.0	0.0	0.0	0.0	0.0	0.0	0.0	0.0	0.0	0.0	0.0
338.31208144366263	-2.87494077129702	114455.06445074342	8.265284438465903	238.7693091685516	-0.37781642472671706	57010.783000827374	0.14274525079327907	229.67724655408574	0.5734808320803211	0.32888026476353743	52751.63758466629	1.009762	47.19035	0.3698472	-0.0044285726	0.0343744146	-0.043628577599999996	-0.013382521999999999	-0.00034777379999999995	-0.06974683200000001	0.0091025586	-0.0184262594	-0.0038257517	0.018372401899999998	0.0285410141	0.006494895	-0.0320256809	-0.0043135712	0.019491474499999998	-0.0138605243	0.013043446299999999	0.015361065600000001	0.0148661331	-0.0207743651	-0.045854741	0.0019919113	0.0151298503	0.0308556704	0.0916241046	0.0497562604	-0.0087301141	0.0531560816	-0.1757143012	0.0014048945	0.0409874802	-0.031348129	-0.0271270676	-0.07916581589999999	0.034464501	-0.0093746555	0.07602738190000001	0.0860327609	0.043607607400000005	0.0350791111	-0.0332200483	-0.0335387715	-0.0707861453	0.0602418046	-0.143737695	-0.0393277835	-0.0017410095000000001	0.0120179048	0.0078656136	0.039665153599999996	0.0245409625	-0.0338348642	0.0005752296	0.0037562053000000004	0.0685419153	-0.0217775298	0.0076239676	0.0114786801	0.0363119021	0.0113559373	-0.0051879846	0.0060247035	-0.006120885699999999	-0.01622304	0.06298299389999999	0.0260201169	0.0154989043	0.047546499000000006	-0.032268492	0.052461460099999996	0.047801730300000005	0.0011583688	-0.0951452376	0.044454491799999996	0.0645374565	-0.0451988138	-0.0115144631	-0.0751208427	-0.0551247785	0.022376896299999997	-0.059732832199999995	0.0920744148	-0.0715377898	-0.0160473197	0.0164005338	-0.0850796283	0.1026632485	0.0248392352	0.1262257093	-0.0154587582	0.0304358432	-0.012626535900000001	0.0163861103	0.0033374589	-0.14246250130000002	-0.0440826963	-0.014229954199999999	-0.1322085928	-0.1389507211	-0.0015305553	0.05418609480000002	-0.0788966784	0.024287685299999997	0.09259028039999999	0.0918195415	0.0905397255	0.0887579282	0.0864840284	0.0837306334	0.0805130088	0.07684899419999999	0.07275890410000001	-0.127314	-0.05890830000000001	0.016208854596	0.003470187808890001	0.0253965	0.1760355	0.03098849726025	0.0006449822122499999	-0.11537	0.005082000000000003	2.582672400000003e-05	0.0133102369	-0.000287662	-0.0014504919999999998	8.274942624400001e-08	2.103927042064e-06	0.00114618	0.0008080459999999999	6.529383381159998e-07	1.3137285923999998e-06	-0.00216716	-0.00033789	4.6965824656e-06	1.141696521e-07	0.0	0.0	0.0	0.0	0.0	0.0	0.0	0.0	0.0	0.0	0.0	0.0	0.0	0.0	0.0	0.0	0.0	0.0	0.0	0.0	0.0	0.0	0.0	0.0	0.0	0.0	0.0	0.0	0.0	0.0	0.0	0.0	0.0	0.0	0.0	0.0	0.0	0.0	0.0	0.0	0.0	0.0	0.0	0.0	0.0	0.0	0.0	0.0	0.0	0.0	0.0	0.0	0.0	0.0	0.0	0.0	0.0	0.0	0.0	0.0	0.0	0.0	0.0	0.0	0.0	0.0	0.0	0.0	0.0	0.0	0.0	0.0	0.0	0.0	0.0	0.0	0.0	0.0	0.0	0.0	0.0	0.0	0.0	0.0	0.0	0.0	0.0	0.0	0.0
336.39307071021005	-1.9190107334525808	113160.29802184437	3.6826021951062113	239.20205854624507	0.43274937769348293	57217.624812761256	0.1872720238940968	229.12580252747662	-0.5514440266091185	0.3040905144828782	52498.633383860215	1.028004	48.04287	0.218878445	-0.0572543478	0.0070188572999999995	-0.0678325532	-0.0602771407	-0.0415133302	-0.1080958133	0.014964074099999999	0.0139334927	-0.0041435202	0.07758744990000001	-0.0059855248	-0.0330795316	-0.0827540638	-0.0322418114	0.028057835299999997	-0.07884485849999999	0.0057921627	0.1462683772	-0.0200257371	-0.027111013700000002	0.0236539687	0.0940798057	0.0246897568	-0.08071955559999999	-0.1276636869	0.0640048064	0.163367663	0.0694100772	0.0496924083	-0.0309024361	0.0206954181	0.0605050043	-0.0474635975	0.0586748315	0.0023749382999999997	0.0422812842	0.10813878269999999	-0.0313655921	-0.0430984437	0.0498474936	-0.0120934496	0.031850173100000004	-0.0168233702	0.011680642199999999	0.0862954098	-0.0328225897	-0.0318002388	0.0162804653	0.050897387999999995	0.062025560800000004	-0.0348508456	-0.073216196	-0.0191575002	0.0383368913	0.1073503465	-0.0128314573	-0.0158622455	0.033974645899999996	0.0534761179	-0.023745992900000002	0.0832479928	-0.0013192632	-0.0007457073	-0.07010046860000001	0.1264870785	0.0287165123	-0.10643490720000001	0.0296470999	0.0093106496	0.0179491976	-0.0803841492	-0.0187662678	0.0685396755	0.06903815349999999	-0.1052659232	-0.0049493416	-0.023024645099999998	0.0103803665	0.013231070400000001	-0.1716121215	-0.0048889919	-0.0022185812	0.0130227326	-0.0022781085	-0.0608649828	0.08418007949999999	-0.0276584973	0.0642579862	-0.028073119700000003	0.13777538050000002	0.0078272878	0.0986193116	0.0530792988	0.0023019257	-0.019880075900000002	-0.0383144401	-0.0873134699	0.0734806395	-0.0123429965	-0.0147957333	0.0022631327	-0.13598690230000002	-0.033725369	0.0924882418	0.0914127426	0.0896294983	0.08715231550000001	0.0840003732	0.0801980746	0.0757748583	0.07076497030000001	0.0652071985	-0.0936917	0.03362230000000002	0.008778134648889997	0.0011304590572900016	0.017077499999999995	-0.008319000000000003	6.920576100000006e-05	0.00029164100624999985	0.0110659	0.1264359	0.015986036808809997	0.00012245414281	4.28229e-05	0.00033048489999999996	1.83380076441e-09	1.0922026912801002e-07	0.00162897	0.0004827900000000001	2.330861841000001e-07	2.6535432609e-06	-0.00236391	-0.00019674999999999988	5.5880704881e-06	3.871056249999995e-08	0.0	0.0	0.0	0.0	0.0	0.0	0.0	0.0	0.0	0.0	0.0	0.0	0.0	0.0	0.0	0.0	0.0	0.0	0.0	0.0	0.0	0.0	0.0	0.0	0.0	0.0	0.0	0.0	0.0	0.0	0.0	0.0	0.0	0.0	0.0	0.0	0.0	0.0	0.0	0.0	0.0	0.0	0.0	0.0	0.0	0.0	0.0	0.0	0.0	0.0	0.0	0.0	0.0	0.0	0.0	0.0	0.0	0.0	0.0	0.0	0.0	0.0	0.0	0.0	0.0	0.0	0.0	0.0	0.0	0.0	0.0	0.0	0.0	0.0	0.0	0.0	0.0	0.0	0.0	0.0	0.0	0.0	0.0	0.0	0.0	0.0	0.0	0.0	0.0
339.150025628411	2.756954918200961	115022.73988375186	7.600800420992467	239.0600468356942	-0.14201171055086093	57149.70599308432	0.020167325933581504	229.6753883666777	0.5495858392010861	0.3020445946503619	52750.784021384236	1.050774	49.106987	0.475286745	0.0409540631	-0.0485349579	-0.0020296632	-0.014814859199999999	0.0030164134999999996	0.040276113599999996	-0.0118479258	-0.014587096499999999	-0.0087761265	0.014668152	-0.0214481712	0.0129758322	0.05087460519999999	0.091294673	-0.0137865234	0.1050542186	0.12448747939999999	0.048791901799999995	0.0478103441	0.0396717684	-0.0810581358	-0.053480785	-0.0649331549	-0.0497198075	-0.0395162533	0.020180435	0.0526562409	-0.0310069172	-0.0188064724	0.017452866100000002	-0.1282016748	-0.013050871200000001	0.0287405275	-0.06410790820000001	0.0800571129	0.0659742908	-0.0240020605	0.032706891200000004	-0.0463946978	-0.11917445980000001	0.0643536923	0.0105075153	-0.0018712662	0.0758829921	-0.1227713306	-0.06365378299999999	-0.0046810251	-0.031504520099999996	-0.0192526393	-0.0570234737	-0.026010602400000003	-0.0228726845	0.031726371	-0.0036959909000000004	-0.0348856778	0.0145247625	0.0172478987	0.009387128	0.0021489954	0.0033389483	-0.0535669887	-0.07032258549999999	-0.0545969309	-0.0265241723	-0.0267943969	-0.0716133001	-0.0807617897	-0.0686573432	-0.012369053500000001	0.0948043901	-0.0417582633	0.0869581326	-0.018530174	0.0629702975	-0.0417837386	0.0356911679	-0.0211242329	0.044126186799999995	-0.0443344105	0.0208287089	0.0600775371	-0.0210611894	-0.059355777	0.1761056678	0.0232627024	-0.0912201089	0.038294859300000005	0.057407437699999994	0.07944857570000001	-0.037491327000000005	0.058958773	0.138575223	0.0109879045	-0.0339567792	0.027384695499999997	-0.006713535600000001	0.0571004815	-0.0909250481	0.00359395	0.0116765229	-0.06082650200000001	0.1189819452	-0.08870225429999999	0.092369244	0.090938899	0.0885713748	0.08529107009999999	0.0811317903	0.07613639929999999	0.0703563777	0.0638512918	0.0566881805	-0.08196259999999997	0.01172910000000002	0.006717867798759994	0.0001375717868100005	-0.225527	-0.2426045	0.058856943420249996	0.050862427729	-0.141036	-0.15210189999999998	0.023134987983609998	0.019891153296	-0.0008949219999999998	-0.0009377449	8.008853860839998e-07	8.793654974760097e-07	0.00170396	7.499000000000004e-05	5.623500100000006e-09	2.9034796816e-06	-0.00199962	0.00036428999999999975	3.9984801444e-06	1.327072040999998e-07	0.0	0.0	0.0	0.0	0.0	0.0	0.0	0.0	0.0	0.0	0.0	0.0	0.0	0.0	0.0	0.0	0.0	0.0	0.0	0.0	0.0	0.0	0.0	0.0	0.0	0.0	0.0	0.0	0.0	0.0	0.0	0.0	0.0	0.0	0.0	0.0	0.0	0.0	0.0	0.0	0.0	0.0	0.0	0.0	0.0	0.0	0.0	0.0	0.0	0.0	0.0	0.0	0.0	0.0	0.0	0.0	0.0	0.0	0.0	0.0	0.0	0.0	0.0	0.0	0.0	0.0	0.0	0.0	0.0	0.0	0.0	0.0	0.0	0.0	0.0	0.0	0.0	0.0	0.0	0.0	0.0	0.0	0.0	0.0	0.0	0.0	0.0	0.0	0.0
338.09847122424793	-1.0515544041630849	114310.5762441736	1.10576666491478	239.21621449690227	0.15616766120805892	57224.39727822795	0.02438833840719507	230.30623998274424	0.6308516160665363	0.3979737614937605	53040.964174989385	1.086946	50.797462	0.3416188	0.0282273571	-0.027385385499999998	0.0309616271	0.0382561517	-0.012158159699999999	0.0819411761	-0.0008105542999999999	-0.0477310521	-0.017476138500000002	-0.0833523231	-0.0390012545	0.08932552220000001	0.038027814	0.0816861166	0.006875993100000001	0.0355718493	0.0108888799	-0.0368468201	-0.0737987685	0.0599675643	-0.0109049492	-0.0323563376	0.0402677695	0.0323005837	0.0793929294	-0.0187118229	0.0290882955	-0.0771418962	-0.0112518277	0.0010820951	-0.0255324314	-0.0040993076	0.011047193799999999	0.049058281399999994	-0.048987347199999996	-0.0066281637	-0.2554177324	0.015877111	0.0852414263	-0.0496946738	-0.1478786419	0.0093496694	-0.1439861498	-0.042034731	-0.17818658760000006	0.0353460938	-0.0376281449	-0.0235570456	-0.0113444651	-0.0227584642	-0.0050602068	0.0320549948	0.09653011660000001	0.0162566915	-0.0875395435	0.014039938600000001	0.0576492366	0.001116497	-0.0824111657	-0.0047935448	-0.1016730998	0.033067263199999995	-0.0948859647	0.0808318002	-0.0028275804	-0.0579871472	0.0196226171	0.0046166353000000005	-0.08986925650000001	-0.0220929129	0.0539620251	0.040365866800000004	0.024317529700000003	0.038796902599999995	-0.023186586699999998	-0.051236522	-0.010683731100000001	-0.0769479673	0.046628059000000006	0.1530397739	0.0173322814	-0.0760003959	-0.058676065599999994	-0.0851121411	0.0275583846	0.09366405960000004	0.0332337096	-0.0008957099	0.030194155299999997	-0.0507005401	0.0364463076	0.0918683126	-0.0033409658000000003	-0.0305669882	-0.10202193289999999	-0.016922876599999997	0.1411688411	-0.0652912838	0.0578091598	-0.101289368	0.0280819754	0.0283715106	-0.1159869305	0.09223330880000001	0.0903983584	0.0873671009	0.0831796512	0.0778914249	0.071572405	0.0643062155	0.056189015300000006	0.047328225099999996	-0.13156199999999998	-0.049599400000000016	0.017308559843999996	0.0024601004803600016	-0.446163	-0.22063600000000005	0.04868024449600001	0.19906142256900006	-0.17316800000000002	-0.03213200000000002	0.0010324654240000011	0.029987156224000007	-0.00122174	-0.00032681800000000015	1.4926486276e-06	1.0681000512400006e-07	0.0012629000000000002	-0.0004410599999999999	1.9453392359999984e-07	1.5949164100000004e-06	-0.00198247	1.7150000000000064e-05	3.9301873009000015e-06	2.941225000000022e-10	0.0	0.0	0.0	0.0	0.0	0.0	0.0	0.0	0.0	0.0	0.0	0.0	0.0	0.0	0.0	0.0	0.0	0.0	0.0	0.0	0.0	0.0	0.0	0.0	0.0	0.0	0.0	0.0	0.0	0.0	0.0	0.0	0.0	0.0	0.0	0.0	0.0	0.0	0.0	0.0	0.0	0.0	0.0	0.0	0.0	0.0	0.0	0.0	0.0	0.0	0.0	0.0	0.0	0.0	0.0	0.0	0.0	0.0	0.0	0.0	0.0	0.0	0.0	0.0	0.0	0.0	0.0	0.0	0.0	0.0	0.0	0.0	0.0	0.0	0.0	0.0	0.0	0.0	0.0	0.0	0.0	0.0	0.0	0.0	0.0	0.0	0.0	0.0	0.0
338.4015901158414	0.3031188915934422	114515.63619292992	0.09188106244083696	239.41253000705743	0.19631551015515925	57318.359524380176	0.03853977952748043	229.88041183206573	-0.4258281506785124	0.18132961391028188	52845.00374408015	1.215327	56.797268	0.5998450499999999	0.0351968754	0.0420114794	-0.021278738399999997	-0.011512267	0.0001460844	-0.0009256386999999999	-0.05348438639999999	-0.0342727139	-0.0191303951	0.0148227631	0.0390847781	0.033253191	-0.111258064	-0.016063273	-0.0318650527	-0.0262261677	0.026561504500000003	0.0333959514	0.0443680064	0.0566259411	0.0528256362	0.0190634775	0.0095030407	0.0838284288	0.059986787199999995	0.0476377047	0.0385947271	-0.0043483033	-0.0328434909	0.1556927648	-0.039049	0.0246720425	-0.09336500689999999	-0.0330031513	-0.0153722879	0.043107989000000006	-0.1329976339	0.1162790854	0.10873784130000001	0.14054148689999998	-0.0281867916	0.0326621824	0.1288751833	0.0517573462	0.1040592336	0.0519068017	0.187708933	0.0037533212	-0.0190584831	0.0021790179	0.0408269281	-0.008069231	0.0287389389	0.0009353943	0.0075814836	0.0401395395	0.0729153016	0.0087538785	0.0700810324	0.0289801515	-0.001369566	0.1181543322	-0.0070923555000000004	-0.0129152079	0.030731947599999997	0.0629762658	-0.0184714768	-0.055382951	-0.0845118217	0.017423292	0.0408559644	-0.051710171500000006	-0.03503258	-0.0198985619	-0.0112677959	0.0603808354	-0.0840798324	-0.0875321191	-0.0341842495	0.0359094726	0.0223171927	0.0469036288	-0.1383908842	0.1101394266	0.0160208295	0.17306156420000002	-0.028566500800000002	-0.19169315280000002	-0.0803607822	0.024131709700000004	-0.20817907530000002	-0.06576352469999999	-0.0063150078	-0.0647657822	0.0517606591	0.0222246838	0.1155284664	0.10148809789999999	0.0237824752	0.1208357432	0.1039735892	0.032411186099999996	-0.0445099648	0.09208046130000001	0.08979151710000001	0.0860186637	0.0808242521	0.0742941259	0.066536203	0.0576786922	0.0478679739	0.0372661819	-0.163535	-0.031973	0.026743696224999995	0.0010222727290000002	-0.00451995	0.44164305	0.19504858361330252	2.04299480025e-05	-0.104912	0.06825600000000002	0.004658881536000003	0.011006527743999996	-0.00198461	-0.0007628699999999999	3.9386768520999986e-06	5.819706368999998e-07	0.00143786	0.00017495999999999983	3.0611001599999936e-08	2.0674413796e-06	-0.0022041	-0.00022163	4.858056809999999e-06	4.91198569e-08	1.0	0.0	0.0	0.0	0.0	0.0	0.0	0.0	0.0	0.0	0.0	0.0	0.0	0.0	0.0	0.0	0.0	0.0	0.0	0.0	0.0	0.0	0.0	0.0	0.0	0.0	0.0	0.0	0.0	0.0	0.0	0.0	0.0	0.0	0.0	0.0	0.0	0.0	0.0	0.0	0.0	0.0	0.0	0.0	0.0	0.0	0.0	0.0	0.0	0.0	0.0	0.0	0.0	0.0	0.0	0.0	0.0	0.0	0.0	0.0	0.0	0.0	0.0	0.0	0.0	0.0	0.0	0.0	0.0	0.0	0.0	0.0	0.0	0.0	0.0	0.0	0.0	0.0	0.0	0.0	0.0	0.0	0.0	0.0	0.0	0.0	0.0	0.0	0.0
339.99446185770773	1.592871741866361	115596.23409391227	2.5372403860363746	239.1519032266251	-0.2606267804323181	57193.63281691706	0.06792631867851576	228.2218545322921	-1.6585572997736335	2.7508123166324063	52085.214886158705	1.091074	50.990376	0.33094559999999995	0.021572520499999998	-0.0032596557	0.0157653726	-0.027092602900000002	-0.0006308941	0.0177478886	-0.0312523591	-0.011419385800000001	-0.023026249	0.0120880933	-0.004036684699999999	-0.053207855199999994	-0.1045240855	-0.014024243300000001	-0.0421378961	-0.0664777425	-0.0131523209	0.0015210832	-0.011662164099999999	0.0571886671	-0.0410352713	0.1262745748	-0.012593453000000001	0.0770247109	0.0295951923	0.0272402192	0.0605392996	0.023229354	0.0377761531	0.0703162326	-0.08976980050000001	-0.0396754611	-0.1220533555	-0.0418903015	-0.0588772625	-0.0219129029	0.0188184195	-0.1135242323	-0.006786401700000001	0.0322737612	0.0194049221	0.056994452	-0.0058371134	0.042967737	-0.0784094612	0.0735560765	0.0658518818	-0.0030468290999999996	-0.0054905643	-0.0508328232	0.021911171099999998	0.0097439221	-0.0304076898	0.00019058389999999998	-0.0182569728	0.0335816075	0.0333784699	0.018899639	0.023132616499999998	0.0353788197	0.0854893625	0.0585228918	-0.028607595	-0.048584929299999996	0.0225129609	0.0590598815	0.0197885714	-0.0119114434	-0.10703265810000001	0.0383562172	-0.0449894154	-0.06863415440000001	-0.0199350326	-0.0096339293	-0.0661797267	0.0081253825	-0.0877541449	-0.0629670071	0.025276676600000002	0.030245047400000002	0.0219097296	0.0842841969	-0.0545305184	-0.007421077299999999	-0.065975811	-0.1713906327	0.10605608849999999	-0.0455754762	-0.07463048900000001	-0.0153640084	0.0400736691	-0.0072209429	-0.0797956551	-0.09566559220000001	0.0583978705	0.0214300977	-0.004537864	-0.0180438575	0.0629862693	0.0329535787	-0.041934174500000004	-0.0385023796	-0.0034328041	0.0919107295	0.08911882019999999	0.0845282884	0.07823178160000001	0.0703563777	0.0610610204	0.050533311500000004	0.0389857244	0.026651315699999997	-0.113148	0.05038699999999999	0.012802469904	0.002538849768999999	-0.115524	-0.11100405	0.0123218991164025	0.013345794576	-0.137753	-0.032840999999999995	0.0010785312809999995	0.018975889009	-0.000148579	0.0018360310000000001	2.2075719241e-08	3.371009832961e-06	0.00200199	0.0005641299999999999	3.182426568999999e-07	4.0079639601e-06	-0.00186999	0.00033411000000000015	3.4968626001e-06	1.1162949210000005e-07	0.0	0.0	0.0	0.0	0.0	0.0	0.0	0.0	0.0	0.0	0.0	0.0	0.0	0.0	0.0	0.0	0.0	0.0	0.0	0.0	0.0	0.0	0.0	0.0	0.0	0.0	0.0	0.0	0.0	0.0	0.0	0.0	0.0	0.0	0.0	0.0	0.0	0.0	0.0	0.0	0.0	0.0	0.0	0.0	0.0	0.0	0.0	0.0	0.0	0.0	0.0	0.0	0.0	0.0	0.0	0.0	0.0	0.0	0.0	0.0	0.0	0.0	0.0	0.0	0.0	0.0	0.0	0.0	0.0	0.0	0.0	0.0	0.0	0.0	0.0	0.0	0.0	0.0	0.0	0.0	0.0	0.0	0.0	0.0	0.0	0.0	0.0	0.0	0.0
337.260182051625	-2.734279806082725	113744.43039749525	7.476286057951784	237.73884443540211	-1.4130587912229942	56519.75815348033	1.9967351474525892	226.30377351158702	-1.918081020705074	3.6790348019890176	51213.39790558368	1.283189	59.9687	0.73525645	0.0459462259	0.0057338221	0.0108230197	0.0444801779	0.0515153396	0.0244018452	0.0091280563	-0.06942016940000001	0.032569732000000004	-0.0948808396	-0.0192862762	-0.0758001207	0.0591672543	-0.060572918600000004	-0.0644278746	-0.090542155	-0.0022503432	-0.033353696099999997	-0.0171844253	-0.049999365899999995	-0.1245728252	0.0313698884	0.0375098129	-0.060709905999999994	-0.09154565320000001	-0.0329107173	-0.0585171522	0.0311130966	0.0376488097	0.0123487128	-0.021616229900000002	0.064795324	-0.099851441	-0.0837662665	-0.022442996099999998	0.0028436642999999998	0.0340223811	-0.1907267812	-0.0028676122	-0.07294165009999999	-0.0686298592	0.0763823834	-0.0632122967	0.004156958	-0.0200065679	0.028075465499999997	0.0903590514	-0.0159121271	-0.0334205282	-0.0119810042	0.0446949867	0.0191559079	-0.0140279202	-0.0507633471	-0.0374254237	-0.0752688901	0.046600618899999995	-0.0535787642	-0.09732001609999999	0.0285549922	0.0428913979	-0.0122083495	0.0526482809	-0.1120600626	-0.016052113700000002	0.0244793109	0.0474374312	0.1170990775	0.0498709191	0.1073329665	-0.013799848799999999	0.0864797996	0.0369438338	-0.0188655144	-0.0379204323	-0.0600510596	0.0349741742	-0.018843363300000002	-0.0514378375	-0.0961237639	0.0253050711	0.0587872849	0.0876698918	0.0419501517	-0.053184618499999996	-0.1047623934	-0.0668054094	-0.0589743573	-0.0975654075	0.1221534901	0.1078932886	0.0220473336	-0.0563750604	0.0773293132	-0.16473746109999998	0.0852179782	-0.1010809724	-0.027844659	0.124923707	0.050591011100000007	0.0620655991	-0.0897869004	-0.019293708899999998	0.0917241444	0.0883807611	0.0828984341	0.0754098437	0.0660962247	0.0551829804	0.042934227199999994	0.0296464028	0.0156410921	-0.028469	0.08467899999999999	0.000810483961	0.007170533041000002	-0.294627	-0.17910299999999996	0.03207788460899998	0.08680506912899999	-0.24547800000000006	-0.10772500000000004	0.011604675625000008	0.060259448484000014	0.00575303	0.005901609	3.30973541809e-05	3.4828988788881014e-05	0.00143786	-0.0005641299999999999	3.182426568999999e-07	2.0674413796e-06	-0.00267924	-0.0008092499999999999	7.1783269776e-06	6.548855624999997e-07	0.0	1.0	0.0	0.0	0.0	0.0	0.0	0.0	0.0	0.0	0.0	0.0	0.0	0.0	0.0	0.0	0.0	0.0	0.0	0.0	0.0	0.0	0.0	0.0	0.0	0.0	0.0	0.0	0.0	0.0	0.0	0.0	0.0	0.0	0.0	0.0	0.0	0.0	0.0	0.0	0.0	0.0	0.0	0.0	0.0	0.0	0.0	0.0	0.0	0.0	0.0	0.0	0.0	0.0	0.0	0.0	0.0	0.0	0.0	0.0	0.0	0.0	0.0	0.0	0.0	0.0	0.0	0.0	0.0	0.0	0.0	0.0	0.0	0.0	0.0	0.0	0.0	0.0	0.0	0.0	0.0	0.0	0.0	0.0	0.0	0.0	0.0	0.0	0.0
335.71526362432115	-1.5449184273038554	112704.73823034744	2.386772947023018	237.32447813252028	-0.41436630288183096	56322.9079208731	0.17169943296395726	226.55252623148888	0.24875271990185865	0.06187791565857255	51326.047141869465	0.9001540000000001	42.067894	0.2058375	0.040992973599999996	-0.051907174699999996	0.0483006914	-0.012293453300000002	0.0528599415	0.0339382767	0.024884330299999997	0.0116859642	0.0154029593	-0.006520709300000001	-0.0368828075	-0.0668696963	0.0735965224	-0.013288553500000001	0.0001198174	0.010703041699999999	-0.0075979874	-0.09208434550000001	-0.0535026521	-0.0662841369	-0.0453918528	-0.0395129101	0.0250882997	-0.095925841	-0.0280031248	-0.0472820778	-0.0330795214	-0.103995839	0.0145788702	0.0615881243	-0.0029916089	0.0144352226	0.0015319145999999999	-0.06357002440000001	-0.0497237913	0.029870646400000006	0.0035476654	0.013809126000000001	-0.05683009	-0.0204836791	-0.083513264	0.0079665565	0.0274845765	-0.045126894400000006	0.0283076642	-0.0152190359	0.011120934499999999	-0.0304243262	-0.0326355894	-0.0422035893	-0.0167095822	0.0153455695	-0.0636544486	-0.053986804699999995	-0.036793484700000004	-0.0284444249	-0.0375126144	-0.0228264628	-0.0348598543	-0.0287781602	0.0321995763	-0.0762021022	0.0323221462	0.0276929884	-0.0607358213	-0.09706831619999999	0.0215931143	0.0397245045	0.0681436015	-0.0113279808	-0.0122402494	0.11034492900000001	-0.046651789699999995	-0.0202262122	0.0426017171	-0.0261668793	-0.07278759559999999	0.0099791827	0.0793332371	0.0432759051	-0.005965709699999999	0.0779610597	-0.0046599051	-0.0976427258	-0.023984479500000003	0.0123260311	-0.08298898099999999	-0.0145744601	-0.0415499343	0.028114374100000002	-0.13228217609999998	-0.0071367024	0.0106878571	-0.1245964789	-0.0431842222	0.0703045488	-0.0335164749	0.014591483999999997	0.0243032325	0.054925164299999996	-0.01884523	0.0358561139	0.0128033875	0.09152074019999999	0.08757788119999999	0.0811317903	0.0723667158	0.061533189	0.0489408639	0.034949665899999996	0.0199595043	0.0043988416999999995	-0.0453315	-0.016862499999999996	0.0020549448922499995	0.00028434390624999985	-0.198304	0.09632299999999996	0.009278120328999993	0.039324476416	-0.218438	0.02704000000000001	0.0007311616000000005	0.047715159844000016	0.00492721	-0.0008258200000000004	2.42773983841e-05	6.81978672400001e-07	0.00129523	-0.00014262999999999993	2.034331689999998e-08	1.6776207529000004e-06	-0.00302303	-0.0003437900000000001	9.1387103809e-06	1.1819156410000005e-07	0.0	0.0	0.0	0.0	0.0	0.0	0.0	0.0	0.0	0.0	0.0	0.0	0.0	0.0	0.0	0.0	0.0	0.0	0.0	0.0	0.0	0.0	0.0	0.0	0.0	0.0	0.0	0.0	0.0	0.0	0.0	0.0	0.0	0.0	0.0	0.0	0.0	0.0	0.0	0.0	0.0	0.0	0.0	0.0	0.0	0.0	0.0	0.0	0.0	0.0	0.0	0.0	0.0	0.0	0.0	0.0	0.0	0.0	0.0	0.0	0.0	0.0	0.0	0.0	0.0	0.0	0.0	0.0	0.0	0.0	0.0	0.0	0.0	0.0	0.0	0.0	0.0	0.0	0.0	0.0	0.0	0.0	0.0	0.0	0.0	0.0	0.0	0.0	0.0
334.2534245497156	-1.4618390746055638	111725.35182321242	2.1369734800436517	237.8022218061568	0.4777436736365246	56549.8966959446	0.2282390176997221	227.9974341045012	1.4449078730123117	2.087758761492964	51982.82995823637	1.196392	55.912354	0.803334895	-0.0755507859	0.0681198535	0.0784340471	-0.025488514500000004	-0.0040065473	-0.0078208295	-0.0082862067	0.09512569679999999	0.1210948754	0.0541867086	0.0871876371	0.0416788207	0.0056901913	0.1451090323	-0.0098496001	0.0235190887	-0.023992095800000002	-0.05930610610000001	-0.0779600471	0.006233844499999999	0.0707483844	-0.12381466	0.053789875599999995	0.0034733215000000003	0.011219605300000001	0.0149000648	-0.0878075203	-0.048223489800000005	0.0449447912	0.1469966673	0.09347368539999999	0.08135000490000001	0.0941830935	-0.11529263	0.0200068977	-0.023380207000000004	0.0518127033	0.10582842619999999	-0.0022530324	-0.063701553	0.0046197965	0.056650746200000004	-0.1303132585	0.0145084213	-0.0859893805	0.009061152099999999	0.011397588600000001	0.0979926159	-0.0382100721	0.0429396384	-0.056901713	0.0347911355	-0.0679687813	0.0038092543	0.0057737353	0.00043005230000000004	-0.10735235650000001	-0.0761377401	0.131834197	0.013880740400000001	-0.10348696619999999	-0.0034471153000000003	-0.09131156800000001	0.1005416648	-0.0746555568	-0.0751140602	0.0149610272	-0.0104570904	0.0083899093	-0.041697058599999996	0.06479372679999999	0.0738552017	-0.0423838441	-0.0394105627	0.0842071867	0.0274826043	-0.0297761002	0.0422463514	-0.024372781200000002	-0.1069048977	-0.0815707426	0.0488435958	-0.0576575307	-0.0323929827	-0.08630523289999999	0.025619589300000002	-0.1418374312	-0.018321027	-0.0332820025	0.0020494203	0.0174864938	-0.0747042029	0.0233448035	0.0833068421	-0.0774172887	-0.1450787454	-0.0420240271	-0.0990079155	-0.021493549100000002	0.0091932849	-0.0597390525	-0.08540762060000001	0.0414940793	0.0913005544	0.0867107692	0.0792312721	0.0691113238	0.0566881805	0.0423758542	0.026651315699999997	0.0100385988	-0.006908663000000001	-0.14483900000000002	-0.09950750000000004	0.02097833592100001	0.009901742556250006	0.001638	0.199942	0.039976803364	2.683044e-06	-0.042574400000000005	0.1758636	0.030928005804960006	0.0018125795353600004	0.000195442	-0.004731768	3.8197575364e-08	2.2389628405823998e-05	6.06721e-05	-0.0012345579	1.5241332084524104e-06	3.68110371841e-09	-0.00242892	0.0005941099999999997	5.899652366400002e-06	3.529666920999997e-07	0.0	0.0	1.0	0.0	0.0	0.0	0.0	0.0	0.0	0.0	0.0	0.0	0.0	0.0	0.0	0.0	0.0	0.0	0.0	0.0	0.0	0.0	0.0	0.0	0.0	0.0	0.0	0.0	0.0	0.0	0.0	0.0	0.0	0.0	0.0	0.0	0.0	0.0	0.0	0.0	0.0	0.0	0.0	0.0	0.0	0.0	0.0	0.0	0.0	0.0	0.0	0.0	0.0	0.0	0.0	0.0	0.0	0.0	0.0	0.0	0.0	0.0	0.0	0.0	0.0	0.0	0.0	0.0	0.0	0.0	0.0	0.0	0.0	0.0	0.0	0.0	0.0	0.0	0.0	0.0	0.0	0.0	0.0	0.0	0.0	0.0	0.0	0.0	0.0
334.45847279733465	0.20504824761906093	111862.47002592543	0.042044783851647734	239.37482012739017	1.5725983212333574	57300.304511020404	2.473065479945974	230.53254634705345	2.5351122425522594	6.4267940823383425	53145.25492525635	1.192883	55.74835600000001	0.181419955	-0.052444631900000004	0.045149334000000006	-0.06693958259999999	-0.0268658196	-0.0620378912	-0.0967718382	-0.0143832126	-0.0275397563	0.0009674105	0.0746626789	-0.0334511921	0.0795084991	-0.0543954421	-0.0365632824	0.1015917763	0.0588370455	-0.0998680314	0.05353529519999999	-0.0429229325	0.0861985434	-0.040070026200000004	-0.0717815832	-0.1011422417	0.0264164412	-0.0096849416	-0.065169347	-0.045197536100000005	0.024246162	0.034360988700000004	0.042772486299999996	0.0200998005	0.08286275280000001	-0.066100666	0.0699006358	-0.0029389869	0.031343906	-0.035423267599999995	-0.0359024856	0.054761974500000005	-0.1005538268	0.19070115	0.0346515798	-0.0212583001	-0.0041758767	0.0764271819	-0.0652917044	-0.075950789	0.0503828546	0.0096450443	0.06828464320000001	-0.049586951399999996	-0.10658740679999999	0.0339866549	0.0667763979	0.0974236543	0.0046047486	0.0415032212	0.0571347057	0.042806782599999996	-0.07209311269999999	0.0208370506	0.010191506999999999	0.0062234353	0.12695363640000001	-0.031476796200000004	0.053061774900000004	-0.0975441232	0.042269659	-0.047556128600000004	-0.0042355281	0.0556101625	0.0381366241	-0.0482333129	-0.0769558214	-0.060005166299999996	0.10930020630000001	0.1158568858	-0.0170592704	-0.0792220875	0.0469060171	-0.0482976295	-0.1189429483	-0.0087564748	0.050384747699999996	-0.0760985758	-0.0498177319	-0.1135281957	0.1445773194	-0.1077808999	-0.0517177144	0.0408846022	-0.0270807612	0.015166343799999999	0.0479382645	0.033453482400000005	0.014919971399999999	-0.1332506043	-0.0631297608	-0.0649967999	0.033387367200000004	0.10653304289999999	-0.0123093283	0.0380256062	0.09106362720000001	0.0857800611	0.0772000154	0.06565321639999999	0.051583401200000004	0.0355312647	0.0181136817	0.0	-0.0181136817	-0.140231	0.004608000000000029	0.019664733361	2.1233664000000265e-05	-0.00243082	-0.00406882	1.65552961924e-05	5.908885872400002e-06	-0.132908	-0.0903336	0.008160159288959997	0.017664536464	-0.00110101	-0.001296452	1.2122230200999995e-06	1.6807877883040004e-06	9.46808e-05	3.40087e-05	1.1565916756899999e-09	8.964453888639999e-09	-0.00211119	0.00031773	4.457123216100001e-06	1.009523529e-07	0.0	0.0	0.0	0.0	0.0	0.0	0.0	0.0	0.0	0.0	0.0	0.0	0.0	0.0	0.0	0.0	0.0	0.0	0.0	0.0	0.0	0.0	0.0	0.0	0.0	0.0	0.0	0.0	0.0	0.0	0.0	0.0	0.0	0.0	0.0	0.0	0.0	0.0	0.0	0.0	0.0	0.0	0.0	0.0	0.0	0.0	0.0	0.0	0.0	0.0	0.0	0.0	0.0	0.0	0.0	0.0	0.0	0.0	0.0	0.0	0.0	0.0	0.0	0.0	0.0	0.0	0.0	0.0	0.0	0.0	0.0	0.0	0.0	0.0	0.0	0.0	0.0	0.0	0.0	0.0	0.0	0.0	0.0	0.0	0.0	0.0	0.0	0.0	0.0
335.3769873320576	0.9185145347229308	112477.72363192713	0.8436689504972822	239.39260354040317	0.017783413013006566	57308.818629852656	0.0003162497783911713	230.37580967679557	-0.15673667025788518	0.024566383803529032	53073.013684239144	1.0664650000000002	49.840305	0.55900454	-0.0093133029	-0.0903529581	0.005571408000000001	0.037282105	-0.0602688684	0.06577544169999999	0.0342060478	-0.021466420400000002	-0.0536168291	-0.0312610651	-0.0813364489	0.0846739178	-0.0099593567	-0.0580435892	0.0207128404	0.012695050800000001	-0.0178551296	0.039601850099999995	0.042424375800000004	0.0602251142	0.0430015397	0.09034384349999999	-0.0678579664	-0.039963942599999996	-0.0689877677	-0.10491278529999999	-0.0364458294	0.12524862369999998	0.0038541841999999997	0.0175621391	0.022853388199999998	0.13768525480000002	0.021305673799999997	0.015686858999999997	-0.009287466500000001	0.0165706419	-0.0973962729	-0.0152570192	-0.060742087699999996	0.0876694771	-0.0500721582	0.0876170701	-0.0622040799	-0.0254651592	0.0818896316	-0.0485445302	0.0410283406	-0.0622373466	0.039896129700000005	-0.0021263976999999997	-0.0701792873	0.0214226452	0.0736409021	0.0695550503	-0.0656973427	0.023167944	0.027986457000000003	0.037029249300000004	-0.0886605141	-0.052162989900000005	-0.022092547400000002	0.052625439	0.0509311471	0.0010152026	0.044382475	0.0603136316	-0.0012192485	-0.013686000000000002	-0.033319752200000004	-0.052690845300000004	-0.1287444046	0.0494704239	0.054205618399999995	-0.0956163631	-0.0048783551000000005	0.087032245	0.1503128672	-0.0086231493	0.005584299	-0.0337351664	-0.024876309300000003	0.041003021699999996	-0.0052072776	-0.0601030641	-0.0161194358	0.0695580895	-0.0103812488	-0.08788763949999999	-0.07849611620000001	0.0398876192	0.10464665390000001	-0.1032373434	0.0439396473	-0.0350439427	-0.0222106181	0.1000849893	0.11773378300000001	0.0611162024	0.0875447736	-0.0839904799	0.0578091586	0.0664761608	0.058056805	0.09081000199999999	0.08478643960000001	0.0750413721	0.062002536799999994	0.0462422434	0.0284522534	0.0094134174	-0.0100385988	-0.0290499939	-0.08599039999999998	0.05424060000000002	0.007394348892159995	0.0029420426883600016	-0.334216	-0.33178518	0.1100814056676324	0.111700334656	-0.0628843	0.0700237	0.00490331856169	0.003954435186490001	0.00034999699999999995	0.0014510069999999998	1.2249790000899993e-07	2.105421314049e-06	0.000581035	0.0004863542000000001	2.3654040785764002e-07	3.3760167122500004e-07	-0.00223293	-0.00012173999999999996	4.9859763849000005e-06	1.4820627599999991e-08	0.0	0.0	0.0	1.0	0.0	0.0	0.0	0.0	0.0	0.0	0.0	0.0	0.0	0.0	0.0	0.0	0.0	0.0	0.0	0.0	0.0	0.0	0.0	0.0	0.0	0.0	0.0	0.0	0.0	0.0	0.0	0.0	0.0	0.0	0.0	0.0	0.0	0.0	0.0	0.0	0.0	0.0	0.0	0.0	0.0	0.0	0.0	0.0	0.0	0.0	0.0	0.0	0.0	0.0	0.0	0.0	0.0	0.0	0.0	0.0	0.0	0.0	0.0	0.0	0.0	0.0	0.0	0.0	0.0	0.0	0.0	0.0	0.0	0.0	0.0	0.0	0.0	0.0	0.0	0.0	0.0	0.0	0.0	0.0	0.0	0.0	0.0	0.0	0.0
337.82740484245363	2.4504175103960506	114127.35546258705	6.004545975255579	238.44962061621075	-0.9429829241924208	56858.22157201483	0.8892167953184893	230.27095949648998	-0.1048501803055899	0.010993560310114713	53024.71478743413	1.0585870000000002	49.472134	0.24076905000000004	-0.005015920399999999	0.0323715925	-0.0040827515000000005	0.005622987800000001	-0.0149588091	0.0074932626	-0.0135533241	-0.0262446376	0.0137423877	-0.08185176450000001	-0.0193870144	0.0057181315	0.0312022992	-0.023899959900000003	-0.030005631499999998	0.0199085679	0.04629791690000001	0.0548048521	0.0173293653	0.05385567980000002	0.0739502491	0.0892415106	0.1010740495	0.0397991121	0.0741955087	-0.015957330800000002	-0.1124662565	0.00466311	-0.0044377079	-0.009580794	0.017607547	0.0535916092	0.0817619904	-0.037423271	0.0208526727	0.0571720347	0.0989490873	0.1082527716	-0.1294088148	-0.0598651029	0.04283605	-0.1101833845	0.0789876261	-0.041423993799999996	0.0392023644	-0.07166375400000001	-0.0347084078	0.024068992999999997	0.0025783254	0.0051252646	0.026121592000000003	0.0028192559999999996	0.04894910400000002	0.0120061242	-0.011163035600000001	-0.023504944500000003	0.0340990966	-0.048540928399999995	-0.0729129133	0.0025832589	-0.026303761499999998	0.0180604325	0.019586086200000002	-0.0040590095	0.047165717999999995	0.003143155	-0.007810941999999999	-0.0942422825	-0.058326783300000004	-0.0081905041	-0.0412483448	-0.0025455564	0.0181544179	-0.0937679649	0.1558215915	-0.0263610871	0.036736689100000004	0.1016878782	0.0706698301	-0.0357864153	0.06840165919999999	0.0822196388	0.052317986399999995	0.0640262523	-0.0678519709	0.0568892075	-0.0781541135	0.08632428310000001	0.0496388929	-0.0684479056	-0.1236511039	-0.1011824859	0.06909461730000001	-0.08984902019999999	0.1036899099	-0.021504712999999998	-0.0223118039	0.003582812199999999	0.0089641688	-0.049517736900000005	-0.0048353038	0.0317444488	0.11122191199999999	0.0905397255	0.0837306334	0.07275890410000001	0.0581699931	0.0406891827	0.0211855248	0.0006286365	-0.0199595043	-0.0395553658	-0.124183	-0.038192600000000014	0.015421417488999997	0.0014586746947600005	-0.205623	0.128593	0.016536159649000005	0.042280818129	-0.0799205	-0.017036199999999998	0.00029023211044000005	0.006387286320250001	0.000423587	7.359e-05	1.7942594656899996e-07	5.415488100000001e-09	0.00093114	0.000350105	1.22573511025e-07	8.670216996e-07	-0.00294818	-0.0007152499999999997	8.6917653124e-06	5.115825624999996e-07	0.0	0.0	0.0	0.0	0.0	0.0	0.0	0.0	0.0	0.0	0.0	0.0	0.0	0.0	0.0	0.0	0.0	0.0	0.0	0.0	0.0	0.0	0.0	0.0	0.0	0.0	0.0	0.0	0.0	0.0	0.0	0.0	0.0	0.0	0.0	0.0	0.0	0.0	0.0	0.0	0.0	0.0	0.0	0.0	0.0	0.0	0.0	0.0	0.0	0.0	0.0	0.0	0.0	0.0	0.0	0.0	0.0	0.0	0.0	0.0	0.0	0.0	0.0	0.0	0.0	0.0	0.0	0.0	0.0	0.0	0.0	0.0	0.0	0.0	0.0	0.0	0.0	0.0	0.0	0.0	0.0	0.0	0.0	0.0	0.0	0.0	0.0	0.0	0.0
333.2854199362618	-4.5419849061918285	111079.17114209037	20.629626888074394	237.0367584354136	-1.4128621807971626	56186.42484956861	1.9961795419269144	228.267353377657	-2.003606118832977	4.014437479424945	52105.98461804014	1.094566	51.153606	0.6377747500000001	0.054912673099999997	-0.032265650699999995	0.0236451237	0.0359184135	0.0792168169	0.0551945687	0.021331773300000002	0.039315624199999996	-0.0095872437	-0.0295632608	0.0097819824	-0.0101099864	-0.0037256657	-0.0055667429	-0.0074487527	0.0798438211	0.014963452700000001	-0.015359446499999999	-0.0547190714	0.010797557900000001	0.011201979499999999	0.0504364001	-0.0025088329	0.0712506726	0.11628042820000001	0.0101779055	0.029397478900000006	-0.0027904795	0.027229546299999997	0.1037961946	0.1594994038	-0.1801055196	-0.0716548721	0.0750715076	0.0531427035	-0.049198340599999994	-0.014596743899999999	-0.0810445701	-0.10978189810000001	0.0096683606	0.0154492307	0.0169208625	-0.10017459990000001	-0.076690402	0.06557342690000001	-0.0060150935	0.046830978200000005	-0.0521637393	-0.04478533269999999	-0.0064435089000000004	0.0055644374	0.0542885161	-0.056409156399999986	-0.0808069471	-0.058143641600000004	0.0096181799	-0.0348942129	-0.012745488000000001	-0.027512669700000002	0.0118883447	-0.0015390591	0.0252406745	0.033665646	0.0564151075	-0.0062889651	-0.053713762400000004	-0.0523457734	0.0226885952	-0.0766262258	0.057290312999999995	0.046933295	-0.12388971509999999	-0.0726728073	-0.1107527341	0.0403296976	-0.046666785999999995	-0.041432916	0.0629009844	-0.1340526538	-0.0065349176	-0.0202362232	-0.0475629776	0.0294652392	-0.0875423026	-0.0801964361	0.0704708979	0.11543160279999999	0.028003026	0.01680334	-0.0029163172	-0.0034393544	0.0040918675	0.0316100364	-0.0055276355	-0.015472735	0.0806228359	0.026898854	-0.0134329742	-0.0044875585	-0.005748474399999999	0.034393626499999996	-0.019849228899999998	-0.029226506099999997	0.0902528472	0.08261341679999999	0.0703563777	0.0541668268	0.034949665899999996	0.0137790222	-0.0081617885	-0.0296464028	-0.0494739559	-0.236345	-0.11216199999999997	0.05585895902499999	0.012580314243999996	-0.0178614	0.1877616	0.035254418434559995	0.00031902960996	-0.189613	-0.1096925	0.01203244455625	0.035953089769	0.00171328	0.001289693	2.9353283584e-06	1.6633080342489999e-06	0.00185441	0.00092327	8.524274928999998e-07	3.438836448099999e-06	-0.00529839	-0.00235021	2.80729365921e-05	5.5234870441e-06	0.0	0.0	0.0	0.0	1.0	0.0	0.0	0.0	0.0	0.0	0.0	0.0	0.0	0.0	0.0	0.0	0.0	0.0	0.0	0.0	0.0	0.0	0.0	0.0	0.0	0.0	0.0	0.0	0.0	0.0	0.0	0.0	0.0	0.0	0.0	0.0	0.0	0.0	0.0	0.0	0.0	0.0	0.0	0.0	0.0	0.0	0.0	0.0	0.0	0.0	0.0	0.0	0.0	0.0	0.0	0.0	0.0	0.0	0.0	0.0	0.0	0.0	0.0	0.0	0.0	0.0	0.0	0.0	0.0	0.0	0.0	0.0	0.0	0.0	0.0	0.0	0.0	0.0	0.0	0.0	0.0	0.0	0.0	0.0	0.0	0.0	0.0	0.0	0.0
332.525599823832	-0.7598201124297931	110573.27453819927	0.5773266032528233	236.40041896181046	-0.6363394736031296	55885.15808531951	0.4049279256655081	228.4103739636041	0.14302058594708456	0.0204548880046474	52171.298934193466	1.047387	48.948723	0.3978254000000001	-0.0296460974	0.10784967179999999	-0.056097681600000004	0.0473415013	0.0499968809	-0.12162508550000001	0.0403949424	0.0239888971	0.0295188123	-0.012424518300000001	0.0924031223	-0.0230863283	0.0382090662	-0.025742451200000002	0.0359005845	-0.009767624300000001	-0.0450776781	0.0860080039	-0.0754705446	-0.022594597799999998	0.0658128106	-0.0503654216	0.0027556778000000005	-0.0742223163	-0.0239925596	0.0237658257	0.0570971852	0.0135306289	0.0207863059	0.0252177675	0.048751314000000004	-0.1351000219	-0.0845806824	0.07619229179999999	0.13802719060000002	0.0214355067	-0.024433793500000002	0.0616049192	-0.0404826923	0.1330271467	0.0448290096	-0.0625969468	0.0232871188	-0.0424309013	-0.098418175	-0.0128104429	0.033341352000000005	0.0419269729	-0.0124224275	0.1210757216	0.0554368943	0.006751175	-0.035248652400000004	-0.0595273083	0.1185859752	-0.06113470190000001	-0.0579315663	-0.003260402	-0.0006056344	0.0587499756	-0.010230808000000001	-0.012911343600000002	0.0183441455	0.0329934335	-0.0165367706	-0.0362651731	-0.1003002855	0.0562173702	0.0230476279	-0.0543705488	0.009679193	0.0166671034	-0.0047201168	0.0178706403	-0.0231815193	-0.0301245924	-0.0504778378	0.0409955926	-0.1382325109	0.0432156329	0.0228673363	-0.0349319572	-0.1074708551	-0.1545477573	0.1101051551	0.0343504808	0.0517782348	-0.0484350213	0.1058398592	0.0607145125	-0.037441956400000004	0.0466131829	-0.0476246463	-0.0167138322	0.0053200404	-0.0181427871	-0.011032713500000001	0.0524290577	-0.035891994100000005	-0.0553247755	-0.0195121577	-0.0226497375	-0.0015032619	0.08994941960000001	0.0814356093	0.06783775709999999	0.050004779900000004	0.0290499939	0.0062816109	-0.0168789344	-0.0389857244	-0.0586586275	-0.157707	0.07863799999999999	0.024871497848999998	0.006183935043999998	0.116126	0.13398739999999998	0.01795262335876	0.013485247876	-0.104867	0.084746	0.007181884516	0.010997087689	0.00171328	0.0	2.9353283584e-06	0.0	0.00223731	0.00038290000000000025	1.4661241000000018e-07	5.005556036100002e-06	-0.00367221	0.00162618	1.34851262841e-05	2.6444613924000003e-06	0.0	0.0	0.0	0.0	0.0	0.0	0.0	0.0	0.0	0.0	0.0	0.0	0.0	0.0	0.0	0.0	0.0	0.0	0.0	0.0	0.0	0.0	0.0	0.0	0.0	0.0	0.0	0.0	0.0	0.0	0.0	0.0	0.0	0.0	0.0	0.0	0.0	0.0	0.0	0.0	0.0	0.0	0.0	0.0	0.0	0.0	0.0	0.0	0.0	0.0	0.0	0.0	0.0	0.0	0.0	0.0	0.0	0.0	0.0	0.0	0.0	0.0	0.0	0.0	0.0	0.0	0.0	0.0	0.0	0.0	0.0	0.0	0.0	0.0	0.0	0.0	0.0	0.0	0.0	0.0	0.0	0.0	0.0	0.0	0.0	0.0	0.0	0.0	0.0
333.9569858778748	1.4313860540427754	111527.26841663504	2.048866035708147	237.55920148935428	1.1587825275438206	56434.37421225963	1.3427769461408454	228.5482265285089	0.13785256490481854	0.019003329650837213	52234.29184932662	1.24021	57.96015500000001	0.906758391	-0.0473132582	-0.0448907992	-0.026815710899999998	-0.10006492289999999	-0.025851447200000002	-0.0754744987	0.0453405174	0.055986143200000005	0.031270590200000004	0.1232060922	-0.016415503600000002	-0.019719080700000002	-0.0418681708	-0.0097830759	-0.0639460079	0.0293365314	0.0378712214	0.003599228	-0.0143408454	-0.017592388100000002	0.0665203799	-0.0672325585	-0.0430363675	-0.0755259394	-0.1428115631	0.006129086999999999	-0.0924916947	0.041107073	0.0549605333	-0.136035516	0.0283370484	0.11947291730000001	0.0048906697	-0.0178677034	0.1145750698	-0.09351992890000001	-0.024337478500000002	0.0554991333	0.0242997821	-0.011693056299999999	0.042832933600000005	-0.040050301600000004	-0.0356481187	-0.0588359017	0.0496943385	0.0238784637	0.0696557102	0.0076037840000000015	0.0227623319	0.0026222425	-0.0919795072	-0.0822514928	-0.0114453981	0.0248640111	0.0755597975	-0.030574156800000002	-0.0942097781	0.04456252	0.0858080766	-0.036939789199999996	0.046358382000000004	0.0495162863	0.000565401	-0.0378565466	-0.0271777138	-0.0547849312	0.0184161106	-0.07801388299999999	0.100983429	-0.045983145499999996	-0.0888962592	0.042829758499999995	0.0993903826	0.0405571687	0.0036402547999999997	-0.002836483	0.1793814896	0.0700148109	0.0255798642	-0.0801364683	0.0507106775	0.021799687999999998	0.0779915311	-0.0165547638	0.0290466346	-0.0215550479	0.0035967593	-0.007130031899999998	-0.0318065631	-0.0729737866	0.053876233200000005	0.017796403500000002	-0.0294772426	0.038050658700000003	-0.0479659984	-0.0752687317	0.0232629845	0.0868647565	0.0433817253	0.04546205389999999	0.0589777204	0.1009919308	0.056388804699999996	0.0896294983	0.0801980746	0.0652071985	0.0456960603	0.0230172018	-0.0012572441	-0.025444536	-0.0478679739	-0.06697313120000001	0.017244299999999997	0.17495129999999998	0.00029736588248999987	0.030607957371689993	-1.8391e-05	-0.116144391	0.013489519560760879	3.38228881e-10	0.017062400000000002	0.1219294	0.014866778584360004	0.00029112549376000005	-0.00122393	-0.00293721	1.4980046449e-06	8.6272025841e-06	-0.0001074	-0.0023447100000000003	5.4976649841000015e-06	1.1534760000000002e-08	0.000920536	0.004592746	8.47386527296e-07	2.1093315820516e-05	0.0	0.0	0.0	0.0	0.0	1.0	0.0	0.0	0.0	0.0	0.0	0.0	0.0	0.0	0.0	0.0	0.0	0.0	0.0	0.0	0.0	0.0	0.0	0.0	0.0	0.0	0.0	0.0	0.0	0.0	0.0	0.0	0.0	0.0	0.0	0.0	0.0	0.0	0.0	0.0	0.0	0.0	0.0	0.0	0.0	0.0	0.0	0.0	0.0	0.0	0.0	0.0	0.0	0.0	0.0	0.0	0.0	0.0	0.0	0.0	0.0	0.0	0.0	0.0	0.0	0.0	0.0	0.0	0.0	0.0	0.0	0.0	0.0	0.0	0.0	0.0	0.0	0.0	0.0	0.0	0.0	0.0	0.0	0.0	0.0	0.0	0.0	0.0	0.0
336.35073128924256	2.3937454113677745	113131.81443880824	5.7300170944442765	238.13252732149044	0.5733258321361632	56707.10056852039	0.32870250979462395	229.1030723285754	0.554845800066488	0.3078538618514212	52488.217750392454	1.005978	47.013489	0.129673466	0.0021302438000000003	-0.0470909736	0.017760654	-0.031280028700000004	-0.019021780500000002	0.0197312387	0.0043773259	0.0727025784	-0.042260188	0.0901846988	0.030761021	-0.0226600539	-0.0372700422	-0.0341358166	-0.0750960591	-0.0014560884	0.11251473890000001	-0.052385450599999994	0.09978596869999999	-0.0097703938	-0.0632199227	0.024612613	0.0499704558	0.0240324405	0.028897246	0.0497447854	-0.1251995351	-0.0680882408	-0.07026089370000001	-0.137879243	-0.10328100300000001	0.0611174772	0.09859468490000001	0.0939497832	-0.056644411299999996	-0.015149261499999999	0.019019485	0.0062593638	0.169750126	-0.07730479700000001	0.0008310212	-0.1324195272	0.032507344199999996	0.0122712562	0.1511821642	-0.0109810841	-0.0553846063	-0.0330666843	0.023500978500000002	-0.0573812599	-0.0312079106	0.0185679503	-0.0408799604	0.016502489199999998	-0.0083326084	0.054840816900000006	-0.0737318937	0.0673340646	0.0752523547	0.0145755328	0.022448562000000002	0.035803982000000005	0.0489490395	-0.08862519279999999	0.0114748871	-0.0076934698	0.1176929963	-0.0604803451	0.0131966676	0.0595337608	-0.0087056215	-0.0304018666	0.0468440714	0.0376347771	0.052977337400000005	-0.0096571701	0.053045660099999996	0.0349130294	0.1508343569	0.1111923082	-0.054429288	0.030063758700000002	0.1108240859	0.0671463638	0.15361026789999999	0.035597298799999996	-0.0243822666	0.1581180539	0.0201055849	-0.0880563735	-0.0413334941	-0.0997069941	-0.06007943740000001	0.1148352985	-0.0345986919	-0.062711077	-0.048444624000000006	0.006015220799999999	0.0101306234	0.1130731508	0.0319690681	0.032174720899999995	-0.1387153894	0.08929314220000001	0.0789017205	0.06246904230000001	0.0412533063	0.0168789344	-0.0087878044	-0.0337816886	-0.056189015300000006	-0.0742941259	0.000159535	-0.017084765	2.5451416225000003e-08	0.00029188919510522493	0.00528555	0.0053039409999999995	2.8131790131481004e-05	2.79370388025e-05	0.00918599	-0.007876410000000002	6.203783448810003e-05	8.43824122801e-05	-0.000106956	0.001116974	1.1439585936e-08	1.247630916676e-06	-0.000434249	-0.00032684900000000004	1.0683026880099999e-07	1.88572194001e-07	0.000376192	-0.000544344	1.4152042086399994e-07	2.96310390336e-07	0.0	0.0	0.0	0.0	0.0	0.0	0.0	0.0	0.0	0.0	0.0	0.0	0.0	0.0	0.0	0.0	0.0	0.0	0.0	0.0	0.0	0.0	0.0	0.0	0.0	0.0	0.0	0.0	0.0	0.0	0.0	0.0	0.0	0.0	0.0	0.0	0.0	0.0	0.0	0.0	0.0	0.0	0.0	0.0	0.0	0.0	0.0	0.0	0.0	0.0	0.0	0.0	0.0	0.0	0.0	0.0	0.0	0.0	0.0	0.0	0.0	0.0	0.0	0.0	0.0	0.0	0.0	0.0	0.0	0.0	0.0	0.0	0.0	0.0	0.0	0.0	0.0	0.0	0.0	0.0	0.0	0.0	0.0	0.0	0.0	0.0	0.0	0.0	0.0
333.7476723256251	-2.6030589636174573	111387.50878277283	6.775915968069189	238.03025057799252	-0.1022767434979528	56658.400190221895	0.010460532260546027	228.62495549300903	-0.4781168355663681	0.22859570845199745	52269.370274180365	1.214018	56.736061	1.2900999249999998	-0.0613645946	0.0360632487	0.0273595429	0.07617701	-0.010433205400000001	0.0022178154000000003	0.0110108898	0.029495658799999998	0.025876358500000002	-0.042115686	0.0379985895	-0.0104574815	0.055012856	0.0725336835	0.1446416324	0.0126205275	-0.106489031	0.028344414900000007	-0.0120350871	0.0520288289	0.0554377592	0.08704711279999999	0.0038888588	-0.0562021767	-0.0265858131	0.038879244199999996	0.13265339	0.07916049559999999	-0.022834744900000002	0.10074587410000001	-0.0410549281	-0.1350497028	-0.045435300899999996	0.0316402375	-0.032964278900000005	0.0570869231	0.0377712707	-0.09962542070000001	-0.0453712558	-0.009120792800000001	-0.06762004860000001	-0.0217496617	-0.043767077300000005	-0.0485038896	0.091366827	-0.0379865979	-0.0538464767	0.04559304980000002	0.0135428822	0.0533738262	-0.0049602805	0.0621502084	-0.035490864	0.009210187	0.004807277	0.0055773533999999994	-0.025616785899999998	-0.050272954	-0.0189289572	0.039813172599999995	-0.0367856681	-0.1218729617	-0.0586394199	0.1083129357	0.0259035204	0.1100123924	-0.09719029130000001	0.0334323255	-0.0822290282	-0.0307709387	-0.0660624196	-0.0355696593	0.0185560546	0.026104109500000004	0.0083789569	0.0291725361	-0.16015312550000002	-0.0948807426	-0.08866687720000001	-0.0337546954	0.1139127666	-0.0045231462	0.0402685621	-0.10269233230000001	-0.0089434456	0.0981369468	0.0356431517	0.0823627324	0.048288861399999994	0.050962194100000004	0.0399928065	-0.0070072723	0.0656603287	-0.027755210699999998	-0.0686399346	0.0449208248	-0.025239252	-0.0453051536	-0.0227403957	0.08247761519999999	0.037344437700000004	-0.0625035731	0.0162086401	0.0889404128	0.0775474976	0.059627806900000004	0.0366895492	0.0106633201	-0.016260386	-0.0418155387	-0.0638512918	-0.0805130088	-0.222759	-0.222918535	0.049621572081000015	0.049692673246546235	-0.125774	-0.13105955	0.0171766056462025	0.015819099075999998	-0.14701199999999998	-0.15619798999999998	0.02439781208004009	0.02161252814399999	0.00538573	0.005492686	2.90060876329e-05	3.0169599494596003e-05	0.0038342	0.0042684490000000005	1.8219656865601e-05	1.470108964e-05	-0.00546115	-0.005837342	2.98241593225e-05	3.4074561624964e-05	0.0	0.0	0.0	0.0	0.0	0.0	1.0	0.0	0.0	0.0	0.0	0.0	0.0	0.0	0.0	0.0	0.0	0.0	0.0	0.0	0.0	0.0	0.0	0.0	0.0	0.0	0.0	0.0	0.0	0.0	0.0	0.0	0.0	0.0	0.0	0.0	0.0	0.0	0.0	0.0	0.0	0.0	0.0	0.0	0.0	0.0	0.0	0.0	0.0	0.0	0.0	0.0	0.0	0.0	0.0	0.0	0.0	0.0	0.0	0.0	0.0	0.0	0.0	0.0	0.0	0.0	0.0	0.0	0.0	0.0	0.0	0.0	0.0	0.0	0.0	0.0	0.0	0.0	0.0	0.0	0.0	0.0	0.0	0.0	0.0	0.0	0.0	0.0	0.0
338.3532290883362	4.605556762711103	114482.90763450412	21.211153094553975	238.46494639890145	0.4346958209089564	56865.530661030934	0.18896045671571152	229.36006820585945	0.7351127128504231	0.5403907005943086	52606.040887396506	1.057568	49.424526	0.2861174	0.041671139700000005	0.0205283941	0.0039784304999999996	-0.0332804332	0.0093727261	0.0066782023	-0.0529289429	-0.0574164299	-0.0052268145	0.0011224172	-0.0166519544	-0.0169045196	0.017744351499999998	-0.08829192429999999	0.0304913236	-0.029975895899999997	-0.0626681041	0.1053799226	0.0026760103999999996	0.0665661513	0.038571784500000005	-0.0147159552	-0.0076242298	0.0064977904	0.046021142	-0.0460868655	0.054069751	-0.1067958341	-0.0820350928	0.0399333247	0.0162157172	0.1308014854	-0.04964779440000002	-0.0752499442	-0.0102348426	0.05452613110000002	0.0359112153	-0.0723466652	0.0763900274	0.0032307940999999995	-0.048585413200000004	-0.0361356241	0.0204124418	0.08411309689999999	0.0127135427	0.0430443182	0.127166431	0.0080341842	-0.0110447468	-0.0335100167	0.036505822599999994	-0.023291033	0.04748036480000002	-0.0100695581	-0.005910776600000001	0.0019902329999999997	0.0796732342	-0.0129999199	0.0018558218	-0.0225645787	0.0454022637	-0.0117975176	0.0626716904	0.0123788034	0.0008897207000000002	0.0709150654	-0.1027032919	0.044145284800000004	-0.0532731812	-0.0311160802	0.054196361	0.0283585763	-0.0815360073	0.0382845379	-0.07809531139999999	-0.0831933938	0.0077796355000000015	-0.0736796852	0.0805501658	-0.0895552026	-0.0050378185	0.043806489299999994	0.0891162085	0.0348170254	0.0577413821	0.0395454466	-0.0801444477	-0.0137716555	0.0171288585	0.0037086307	0.0786235822	-0.0464358718	-0.13166720140000002	0.148000783	0.0309242502	-0.0009188136	0.0011468374	0.0573957407	0.0143140998	0.0032296890999999996	0.0584579227	0.0656551938	-0.0062740834	0.0885713748	0.07613639929999999	0.0566881805	0.0320181754	0.0043988416999999995	-0.023625687700000002	-0.0494739559	-0.07076497030000001	-0.08553752619999999	-0.192188	0.03057100000000001	0.036936227344	0.0009345860410000008	-0.0809156	0.044858399999999986	0.0020122760505599992	0.0065473343233599995	-0.20604	-0.059028000000000025	0.003484304784000003	0.0424524816	0.0038196	-0.0015661300000000002	1.458934416e-05	2.4527631769000008e-06	0.00318011	-0.00065409	4.278337281e-07	1.01130996121e-05	-0.00464817	0.0008129799999999996	2.16054843489e-05	6.609364803999993e-07	0.0	0.0	0.0	0.0	0.0	0.0	0.0	0.0	0.0	0.0	0.0	0.0	0.0	0.0	0.0	0.0	0.0	0.0	0.0	0.0	0.0	0.0	0.0	0.0	0.0	0.0	0.0	0.0	0.0	0.0	0.0	0.0	0.0	0.0	0.0	0.0	0.0	0.0	0.0	0.0	0.0	0.0	0.0	0.0	0.0	0.0	0.0	0.0	0.0	0.0	0.0	0.0	0.0	0.0	0.0	0.0	0.0	0.0	0.0	0.0	0.0	0.0	0.0	0.0	0.0	0.0	0.0	0.0	0.0	0.0	0.0	0.0	0.0	0.0	0.0	0.0	0.0	0.0	0.0	0.0	0.0	0.0	0.0	0.0	0.0	0.0	0.0	0.0	0.0
333.07996397570014	-5.273265112636069	110942.26240205369	27.80732494814468	237.47505222711453	-0.9898941717869151	56394.40043027077	0.9798904713377024	228.823600006302	-0.5364681995574472	0.2877981291364089	52360.23991984409	1.117023	52.203102	0.79822766	0.0255348393	-0.030764261600000002	0.0585405237	0.025306307099999998	0.0189366889	0.0611503287	0.0168182979	0.0309596015	-0.0194226146	-0.0057226156000000005	-0.0288558419	0.0811264467	0.026239277400000004	-0.0021239572	-0.0518108529	-0.0139613521	0.023806682599999997	-0.046368420599999995	0.0390385292	-0.029477975400000002	-0.027985430899999997	0.045795004400000006	0.0181864575	0.0183151307	-0.0044006221	-0.0448878267	0.047041201100000006	0.0548965308	-0.0467328745	0.005264603299999999	-0.053019518499999994	-0.101884876	-0.0089990864	-0.020328660800000002	-0.0037905078999999997	-0.0880647974	0.0570776842	0.08180281860000001	0.1281320533	-0.0398535811	-0.014836549499999999	-0.012863235700000001	-0.0259297567	-0.0285120123	-0.0640388057	0.0242536984	0.0160355954	-0.0367095741	-0.0282264716	-0.018951895700000002	-0.0369826338	0.04652713940000002	0.0098664314	-0.0183563228	-0.0668595681	0.0277916679	-0.0212798633	0.032809077799999996	-0.0407193293	-0.048647283799999996	-0.0774106072	0.024147330699999997	-0.0025782915	-0.057962191600000004	-0.0114650506	0.0025868139999999998	0.060931803099999994	-0.0216726771	-0.0041290407	0.037807009700000005	0.0122840278	0.008236981899999999	0.0014046952	0.0102437962	0.0042603923	-0.0024556686	-0.10253434619999999	-0.0497065784	-0.0465786046	-0.0064465087	-0.0404168507	0.010926270600000001	0.0383891073	0.0619930624	0.0293422426	-0.0832844262	0.10112034460000001	-0.0109142494	0.0640394056	-0.0041850473	-0.0075083151	0.0199451173	-0.0235095884	0.0767012961	-0.00038407199999999995	-0.1107890662	0.0643924742	0.0429781903	-0.1127180151	-0.0114332871	0.07900779620000001	0.051539122300000004	0.0666737334	0.0881860959	0.07466946049999999	0.053655013700000004	0.0272528867	-0.0018857942000000002	-0.030835116099999997	-0.0566881805	-0.07684899419999999	-0.08929314220000001	-0.0717661	0.1204219	0.00515037310921	0.01450143399961	-0.251246	-0.17033040000000002	0.029012445164160006	0.06312455251600001	-0.1412	0.06484000000000001	0.004204225600000001	0.01993744	-4.18122e-05	-0.0038614122	1.74826006884e-09	1.4910504178308841e-05	0.000639625	-0.002540485	6.454064035225e-06	4.09120140625e-07	-0.00219736	0.00245081	4.828390969600002e-06	6.006469656099998e-06	0.0	0.0	0.0	0.0	0.0	0.0	0.0	1.0	0.0	0.0	0.0	0.0	0.0	0.0	0.0	0.0	0.0	0.0	0.0	0.0	0.0	0.0	0.0	0.0	0.0	0.0	0.0	0.0	0.0	0.0	0.0	0.0	0.0	0.0	0.0	0.0	0.0	0.0	0.0	0.0	0.0	0.0	0.0	0.0	0.0	0.0	0.0	0.0	0.0	0.0	0.0	0.0	0.0	0.0	0.0	0.0	0.0	0.0	0.0	0.0	0.0	0.0	0.0	0.0	0.0	0.0	0.0	0.0	0.0	0.0	0.0	0.0	0.0	0.0	0.0	0.0	0.0	0.0	0.0	0.0	0.0	0.0	0.0	0.0	0.0	0.0	0.0	0.0	0.0
336.07916310690337	2.999199131203227	112949.20387463654	8.995195428610193	237.5255122928945	0.05046006577998696	56418.368990001974	0.002546218238520611	229.06969014892468	0.2460901426226769	0.06056035829604948	52472.922944924365	1.014128	47.39439	0.400615895	0.0332371213	0.1005838074	-0.0512453712	0.0518290448	0.0209724979	-0.0495840283	-0.0191676645	-0.049814722699999994	-0.022128736200000002	-0.0485279111	0.0628201276	0.024472415499999997	0.0011505396	-0.0360412998	-0.11754382220000001	-0.00925865	0.0012734292999999999	-0.0726966644	0.0115652206	-0.0574155059	-0.0517893505	-0.0366146014	0.0135565519	0.0903382013	0.1389685157	0.0675259812	-0.0096498777	0.0034272707	0.0135786436	-0.1324521893	-0.0666968354	0.0067776852	-0.051807747599999995	0.0170160095	-0.0758703241	-0.0049395522	-0.0197277392	0.0210937235	0.083204977	0.0039834626	-0.021524009900000002	0.0669103242	0.1507738941	0.0239972567	-0.049159553499999994	0.0709820388	0.0394135581	0.0033798621	-0.019807025500000002	0.0267465541	0.1297672456	0.013649833600000001	0.0410605819	-0.0213204089	0.0465309891	-0.0303493173	0.04595651519999999	0.0027476839	-0.0072594973	0.055052351299999996	-0.0494665159	0.09159078050000001	0.0340341538	-0.0644054632	-0.026830795499999997	-0.00039138370000000016	0.0823581758	0.00318337	0.0402892817	0.0684557924	0.12061578449999999	-0.15603601890000002	-0.012381405900000001	0.0647966008	0.04875139480000002	0.0069554856	0.0297563908	-0.0563744933	0.0017332647	0.054343843499999996	0.0337290526	0.026591379	0.0010970967	0.0872955391	-0.0070719453	-0.0648800358	-0.030541062	-0.0716770998	-0.0684952756	0.0096197557	-0.1118530641	-0.011260358400000002	-0.0758049978	-0.0029375015	0.0024861222	5.9231800000000004e-05	-0.07981591269999999	-0.0951568845	0.08163487009999999	0.015685018000000002	0.026796092	0.0299531135	0.037074717	0.0877846467	0.07314775700000001	0.050533311500000004	0.0224076607	-0.0081617885	-0.0378411062	-0.063393441	-0.0820320339	-0.0917241444	-0.0183921	0.053374000000000005	0.00033826934240999986	0.0028487838760000005	-0.117329	0.133917	0.017933762889	0.013766094240999999	-0.123866	0.017333999999999992	0.00030046755599999963	0.015342785955999999	-0.00111882	-0.0010770078	1.2517581924e-06	1.1599458012608395e-06	-0.00010283	-0.000742455	5.512394270250001e-07	1.05740089e-08	-9.70049e-05	0.0021003551000000004	9.40995062401e-09	4.4114915460960125e-06	0.0	0.0	0.0	0.0	0.0	0.0	0.0	0.0	0.0	0.0	0.0	0.0	0.0	0.0	0.0	0.0	0.0	0.0	0.0	0.0	0.0	0.0	0.0	0.0	0.0	0.0	0.0	0.0	0.0	0.0	0.0	0.0	0.0	0.0	0.0	0.0	0.0	0.0	0.0	0.0	0.0	0.0	0.0	0.0	0.0	0.0	0.0	0.0	0.0	0.0	0.0	0.0	0.0	0.0	0.0	0.0	0.0	0.0	0.0	0.0	0.0	0.0	0.0	0.0	0.0	0.0	0.0	0.0	0.0	0.0	0.0	0.0	0.0	0.0	0.0	0.0	0.0	0.0	0.0	0.0	0.0	0.0	0.0	0.0	0.0	0.0	0.0	0.0	0.0
335.5641902978022	-0.5149728091011525	112603.32581021961	0.26519699411353204	237.58951881701168	0.06400652411716122	56448.77945169915	0.004096835129560742	228.4605600683176	-0.6091300806070876	0.37103945510039693	52194.227506729345	1.072832	50.137871	0.5637328050000001	0.0091924374	-0.0464653268	0.042316832400000004	-0.0831350232	0.016292096699999998	0.0251968264	-0.0040442154	0.0459103833	0.0020187943	0.0923182791	-0.056285223499999995	-0.0313287079	-0.051231059	0.0734867907	0.0099043298	-0.0216753888	-0.0917356116	-0.0263552673	-0.0585784741	-0.0312936906	0.09486592949999999	0.0146314102	0.0314695426	-0.019327616000000002	-0.00499906	0.0197349598	-0.1006357678	0.0193065369	0.0322518424	-0.0594538684	-0.04792854059999999	-0.0326061027	-0.0052241297999999995	-0.028224554199999998	-0.0019243107999999999	-0.0876179975	0.0179554967	-0.0328410618	0.0047146579	0.0106286873	-0.0364935892	-0.1276273342	-0.0350187344	-0.0124229779	0.117800041	-0.0695196662	0.0922238393	-0.0111609706	0.0058194998999999996	-0.053737031100000006	-0.0570202199	-0.010899678000000001	-0.0314015425	-0.020127940100000002	-0.0175588153	0.039808218799999996	-0.0450878931	0.0193722476	0.0592183383	-0.07629785559999999	0.0776526172	0.0070720823	-0.1088477512	0.060216777	-0.0386622951	0.0326494073	0.0318455645	-0.0359475171	0.0679908986	-0.07624504110000001	-0.0382332346	-0.0158708982	0.0406209086	-0.0434546721	0.115868192	0.0116098492	-0.0084824685	0.0324512679	0.0367420609	0.046655311100000006	0.0817294959	-0.0088071625	0.1508765559	0.016456418700000003	-0.061452582199999994	0.0297189733	-0.0135976318	0.0130858973	0.023749567599999997	-0.10466485539999999	0.0427547976	-0.1201652547	-0.0032963729	-0.0254988963	0.056080559800000006	-0.0162556555	-0.0055077695	-0.0077919190000000004	0.0318663373	0.058838177900000004	0.0637757205	-0.0282831596	-0.028590538199999998	0.0873671009	0.071572405	0.047328225099999996	0.0174967091	-0.014400381799999999	-0.0445974349	-0.0695295355	-0.0862533231	-0.0927944701	-0.131636	-0.1132439	0.017328036496	0.012824180887210004	-0.0424201	0.0749089	0.005611343299210001	0.0017994648840099995	-0.22074	-0.09687400000000003	0.009384571876000005	0.048726147600000005	0.00199289	0.00311171	3.971610552100002e-06	9.6827391241e-06	0.000639625	0.000742455	5.512394270250001e-07	4.09120140625e-07	-0.00181696	-0.0017199551	3.3013436416000007e-06	2.9582455460160108e-06	0.0	0.0	0.0	0.0	0.0	0.0	0.0	0.0	1.0	0.0	0.0	0.0	0.0	0.0	0.0	0.0	0.0	0.0	0.0	0.0	0.0	0.0	0.0	0.0	0.0	0.0	0.0	0.0	0.0	0.0	0.0	0.0	0.0	0.0	0.0	0.0	0.0	0.0	0.0	0.0	0.0	0.0	0.0	0.0	0.0	0.0	0.0	0.0	0.0	0.0	0.0	0.0	0.0	0.0	0.0	0.0	0.0	0.0	0.0	0.0	0.0	0.0	0.0	0.0	0.0	0.0	0.0	0.0	0.0	0.0	0.0	0.0	0.0	0.0	0.0	0.0	0.0	0.0	0.0	0.0	0.0	0.0	0.0	0.0	0.0	0.0	0.0	0.0	0.0
330.68126328395266	-4.882927013849553	109350.09788707082	23.842976222581715	236.91975557102367	-0.6697632459880083	56130.9705798336	0.4485828056763933	227.97011828154672	-0.490441786770873	0.2405331462110065	51970.374829302404	1.14888	53.69191	0.23551415	0.0846201229	-0.0073850627	0.0424018013	0.0855389248	0.0865848226	0.0722900012	0.0084901958	0.047316495800000004	-0.0547590459	-0.0003633447	0.1014529223	0.0210083762	-0.0330358687	0.0012768935	-0.0859289244	-0.005250945	-0.010029889699999999	0.030077317599999997	0.0461685079	-0.0383477574	-0.0590717576	-0.079401213	-0.057272561799999996	-0.025552299700000003	-0.08466805720000001	-0.0706997788	-0.0182417004	-0.0047438145000000004	-0.0181424021	-0.1057206864	0.0281965236	0.029250072999999998	0.107532509	0.0034119904	0.041699649500000005	-0.0423813166	0.0982917288	-0.09251077939999999	0.042787351900000006	-0.11964144859999999	-0.0705839649	0.0472191854	-0.10866863269999999	0.0159578911	0.013852118799999999	0.1473176652	-0.0217374418	-0.0728496481	-0.0695727869	0.0086773849	0.0384326974	0.1212155958	-0.030737408900000002	-0.0826660657	-0.0638646504	0.055262558899999994	-0.0334376309	0.0361429083	0.0371566552	0.0899844801	-0.028124515	0.0447334984	0.0110405884	-0.0630128219	-0.029856345899999998	0.0221506164	-0.00720033	0.0076463847999999985	0.11932930039999999	-0.0070552549	-0.0195229341	0.0771673351	-0.0037748053999999997	-0.0183890356	-0.0318897711	-0.0426645171	0.0704944967	0.020776208799999998	-0.0036381465000000003	-0.0838252842	-0.0705164797	-0.0009946756	0.12284392279999999	-0.0351545505	-0.0207825203	-0.0167107649	0.1754047888	0.0242219098	-0.1317479117	-0.0639058584	0.09781670640000001	0.0267060344	0.0024103306	-0.0569746929	0.0577483179	-0.0369834411	0.0348878755	-0.0384504888	-0.09328862439999999	-0.014104746000000001	-0.0054956447999999995	-0.0767202114	-0.0090853476	0.0869335349	0.0699445598	0.044045043	0.012534436599999999	-0.0205729861	-0.051059526699999996	-0.0750413721	-0.08946337089999999	-0.0924882418	-0.115087	0.016549000000000008	0.013245017569	0.0002738694010000003	-0.0214504	0.020969699999999997	0.0004397283180899997	0.0004601196601600001	-0.239907	-0.01916699999999999	0.0003673738889999996	0.057555368649	0.0035936	0.00160071	1.291396096e-05	2.5622725041e-06	-0.000350557	-0.000990182	9.804603931239999e-07	1.2289021024899998e-07	-0.000831283	0.000985677	6.910314260890001e-07	9.71559148329e-07	0.0	0.0	0.0	0.0	0.0	0.0	0.0	0.0	0.0	0.0	0.0	0.0	0.0	0.0	0.0	0.0	0.0	0.0	0.0	0.0	0.0	0.0	0.0	0.0	0.0	0.0	0.0	0.0	0.0	0.0	0.0	0.0	0.0	0.0	0.0	0.0	0.0	0.0	0.0	0.0	0.0	0.0	0.0	0.0	0.0	0.0	0.0	0.0	0.0	0.0	0.0	0.0	0.0	0.0	0.0	0.0	0.0	0.0	0.0	0.0	0.0	0.0	0.0	0.0	0.0	0.0	0.0	0.0	0.0	0.0	0.0	0.0	0.0	0.0	0.0	0.0	0.0	0.0	0.0	0.0	0.0	0.0	0.0	0.0	0.0	0.0	0.0	0.0	0.0
335.8228371161126	5.141573832159962	112776.9779287151	26.43578147155209	237.60952392783628	0.6897683568126071	56458.285861213	0.4757803860599639	228.45336636222598	0.4832480806792603	0.2335287074801889	52190.94060223344	0.946539	44.235676	0.174090775	-0.028740067999999997	0.0850880007	0.062263800999999994	0.007386414	0.0025893714	-0.0015255214	-0.031601718	0.0415799031	0.0336701771	0.0559046921	0.08282904769999999	-0.0074073034	-0.008171851899999999	-0.001515417	0.0588026989	-0.0097006623	-0.1163728436	-0.0315249512	-0.0180768625	-0.0281209059	0.028724643199999997	-0.0540919109	-0.0340558542	0.0075312577	-0.0122177462	-0.0713892571	-0.0446329042	-0.013280226000000001	-0.0261735252	-0.09207297210000001	-0.0672708985	0.0159572462	0.097211251	0.1499561036	0.0238396752	-0.0879200991	0.09262144800000001	0.0451921414	0.015118096499999999	-0.1387843691	-0.0239408777	-0.009322254	0.0891718074	0.0250236572	0.0496693229	0.0915870473	0.0512329806	0.068755002	-0.0266435061	0.0019142129	0.017027613799999997	0.0654754787	-0.010961441200000002	-0.0033742307	0.0119808377	0.0247729573	-0.0398664719	-0.004707762	0.1007180049	0.0346911615	0.0017487242000000002	-0.0228315602	-0.0091784143	0.0653226214	-0.043512086900000004	0.06362849450000001	0.0550006419	0.05977897450000001	0.10094401130000001	-0.1214697877	0.0377125409	-0.022063458199999997	0.050935014199999996	0.000846886	-0.06359134150000001	0.0373513319	-0.038452699900000005	0.06209978820000001	-0.004862035	0.0466206787	0.0156560364	0.0042427678	0.10439540650000001	0.1066360799	-0.0108256222	-0.0124169324	0.0841068984	-0.0833104787	-0.018822311100000003	-0.0367761193	-0.0767002846	0.0429413101	0.0300904005	0.0638153915	0.0793927956	-0.0184762297	-0.0958818463	-0.0114463549	-0.056694578600000003	0.08261891730000001	0.0425443909	0.09248191730000001	0.11327476880000001	0.0864840284	0.0682654153	0.0406891827	0.0075353985	-0.026651315699999997	-0.0571847471	-0.079879464	-0.09162454240000001	-0.09081000199999999	-0.08417049999999998	0.030916500000000013	0.0070846730702499965	0.0009558299722500008	-0.00381376	0.017636640000000002	0.0003110510704896001	1.4544765337599997e-05	-0.193022	0.04688500000000001	0.002198203225000001	0.037257492483999996	0.00375449	0.0001608899999999999	1.40961951601e-05	2.588559209999997e-08	-0.000959355	-0.000608798	3.706350048040001e-07	9.20362016025e-07	-2.79183e-05	0.0008033647	7.7943147489e-10	6.4539484120609e-07	0.0	0.0	0.0	0.0	0.0	0.0	0.0	0.0	0.0	0.0	0.0	0.0	0.0	0.0	0.0	0.0	0.0	0.0	0.0	0.0	0.0	0.0	0.0	0.0	0.0	0.0	0.0	0.0	0.0	0.0	0.0	0.0	0.0	0.0	0.0	0.0	0.0	0.0	0.0	0.0	0.0	0.0	0.0	0.0	0.0	0.0	0.0	0.0	0.0	0.0	0.0	0.0	0.0	0.0	0.0	0.0	0.0	0.0	0.0	0.0	0.0	0.0	0.0	0.0	0.0	0.0	0.0	0.0	0.0	0.0	0.0	0.0	0.0	0.0	0.0	0.0	0.0	0.0	0.0	0.0	0.0	0.0	0.0	0.0	0.0	0.0	0.0	0.0	0.0
338.2453419712041	2.4225048550914607	114409.9113652168	5.8685297729417005	238.31333026905045	0.7038063412141753	56793.243383925525	0.4953433659332842	229.6951387123284	1.2417723501024227	1.5419985694788938	52759.856748075785	0.935729	43.730492	0.174482975	-0.010586845400000001	0.0622191917	-0.0318785313	-0.0177149553	-0.0181511728	-0.0395764086	-0.045189565599999995	-0.053009227400000004	0.010943887099999999	0.0331420442	0.0509328264	-0.0174846769	0.05062195480000002	-0.0240161339	0.0426133708	0.0360820837	-0.0293573148	0.010257491	0.004459459099999999	0.009284306400000001	0.0403665325	-0.0733037172	-0.0828759389	-0.0066593205	-0.09161228369999999	-0.0290344611	-0.0187869501	0.0036514753999999996	-0.0462406567	-0.0347106749	0.0227702485	0.0556848634	0.1074568196	-0.0062357655000000005	-0.027531394100000002	-0.0260532181	0.0444997125	-0.0394950517	0.1131496396	0.041592286299999996	0.1458188633	-0.012162439799999999	0.09201198349999999	0.0359555384	-0.039921722	-0.0562260551	0.0426087539	0.0442155379	0.0134426182	-0.0006420733	0.0665593959	-0.0221732251	0.0338460278	0.0152085976	0.04416001940000002	-0.0172612452	0.043260644400000006	-0.005288779699999999	0.059569192800000004	0.0176366126	-0.0064935266000000005	-0.07899862049999999	0.0364620823	0.011625073100000001	-0.052911590099999996	-0.0108750964	-0.0335964204	-0.0356216807	0.0266724728	-0.08130561730000001	-0.06770490280000001	-0.0200998995	0.048266155199999994	0.0550444676	-0.0062370622	0.01171398	0.055100579000000004	-0.0255341688	0.0629832921	-0.0193388824	-0.1987286292	-0.0355630548	-0.050077799900000004	0.0986131414	0.1564549448	-0.1571896146	-0.0059514114	-0.0016941726999999999	0.0432329248	0.09219832050000001	0.008722593	-0.0881876774	0.0093263372	0.0105940983	0.0805625701	0.0313955467	0.0156145421	-0.0177817157	-0.0656464484	0.004574479199999999	0.0288172358	-0.0300821934	0.1071138398	0.0860186637	0.066536203	0.0372661819	0.0025142577	-0.0326075169	-0.0629326842	-0.0840003732	-0.0927115	-0.0877846467	-0.08541079999999998	-0.0012402999999999995	0.007295004756639997	1.5383440899999994e-06	-0.10345	-0.09963624	0.0099273803213376	0.0107019025	-0.17258599999999996	0.02043600000000004	0.0004176300960000015	0.029785927395999987	0.00422341	0.0004689200000000003	1.7837192028100007e-05	2.198859664000003e-07	-0.00117569	-0.00021633500000000006	4.6800832225000045e-08	1.3822469761e-06	-0.000406072	-0.0003781537	1.64894469184e-07	1.4300022082369002e-07	0.0	0.0	0.0	0.0	0.0	0.0	0.0	0.0	0.0	0.0	0.0	0.0	0.0	0.0	0.0	0.0	0.0	0.0	0.0	0.0	0.0	0.0	0.0	0.0	0.0	0.0	0.0	0.0	0.0	0.0	0.0	0.0	0.0	0.0	0.0	0.0	0.0	0.0	0.0	0.0	0.0	0.0	0.0	0.0	0.0	0.0	0.0	0.0	0.0	0.0	0.0	0.0	0.0	0.0	0.0	0.0	0.0	0.0	0.0	0.0	0.0	0.0	0.0	0.0	0.0	0.0	0.0	0.0	0.0	0.0	0.0	0.0	0.0	0.0	0.0	0.0	0.0	0.0	0.0	0.0	0.0	0.0	0.0	0.0	0.0	0.0	0.0	0.0	0.0
330.1327639259518	-8.112578045252294	108987.6418173882	65.81392254030949	237.41913622201875	-0.8941940470317036	56367.8462444095	0.7995829937469365	228.67840763456832	-1.0167310777600846	1.0337420844831833	52293.814118281785	1.243488	58.11335	0.6397023500000001	-0.0157956724	-0.0587789687	-0.0233756755	-0.0377632351	-0.019025121000000002	-0.0223030668	0.039147733	-0.0230409148	0.0047429253	-0.021115686499999998	-0.1153615519	-0.007641032299999999	0.0171805817	-0.08974686050000001	0.0131606356	-0.051047574400000004	-0.0251668289	0.04616386	-0.0075917933	-0.0319970257	-0.0018049184	0.0001300175	0.0394095233	0.0566805245	0.0455084447	-0.0866123706	-0.0141349927	-0.0672382122	-0.0041102039000000005	-0.0125733199	-0.0238943482	0.052988158099999995	0.012343413999999999	0.006713840600000001	-0.1830914249	0.0632338436	0.020173318200000002	0.0207780358	-0.1421773365	0.0029681421999999996	-0.005706194499999999	-0.0143122995	0.0332402596	-0.1620682291	0.0010225283	-0.056298582	-0.1086368733	-0.0270700933	0.0145493601	0.0143926806	-0.06502500900000001	-0.0738174665	-0.026421699	0.0216201125	0.0067616717	-0.0516811992	0.0109486272	-0.0047178446999999995	-0.0839362299	-0.0853925228	0.05956128240000001	0.015041681000000001	0.0629309975	-0.0159659271	0.0330226817	0.0283608442	-0.041472484	0.0176997065	0.0060026926	-0.011670079299999999	0.1078607518	-0.0160286326	-0.0021029827	-0.0072667978000000005	-0.055554771100000004	0.0080004107	-0.0458091804	-0.0188980508	0.1605881707	0.08982269279999999	0.0543837308	0.0485600604	0.07567896360000001	-0.0003269163	-0.12169981390000001	-0.0426665376	-0.0816847292	0.13005624300000002	-0.0660595836	0.047088436100000006	-0.0037234811	0.023134842599999997	0.022754006	-0.0946908783	0.021585550800000002	0.0716253026	0.031876245299999995	0.006666709399999999	-0.0284996024	-0.046008447599999995	-0.10632933189999999	0.012608918200000001	0.018454157199999998	0.08553752619999999	0.0647581913	0.0337816886	-0.0025142577	-0.0384142957	-0.0682654153	-0.0873671009	-0.0927115	-0.08345705519999999	-0.0935927	-0.00818190000000002	0.00875959349329	6.694348761000032e-05	-0.22661	-0.12315999999999998	0.015168385599999997	0.05135209209999999	-0.0979344	0.07465159999999997	0.005572861382559996	0.00959114670336	0.0009990410000000002	-0.0032243690000000004	9.980829196810005e-07	1.0396555448161004e-05	0.00179015	0.00296584	8.7962069056e-06	3.2046370225e-06	-0.00289004	-0.002483968	8.3523312016e-06	6.170097025024e-06	0.0	0.0	0.0	0.0	0.0	0.0	0.0	0.0	0.0	1.0	0.0	0.0	0.0	0.0	0.0	0.0	0.0	0.0	0.0	0.0	0.0	0.0	0.0	0.0	0.0	0.0	0.0	0.0	0.0	0.0	0.0	0.0	0.0	0.0	0.0	0.0	0.0	0.0	0.0	0.0	0.0	0.0	0.0	0.0	0.0	0.0	0.0	0.0	0.0	0.0	0.0	0.0	0.0	0.0	0.0	0.0	0.0	0.0	0.0	0.0	0.0	0.0	0.0	0.0	0.0	0.0	0.0	0.0	0.0	0.0	0.0	0.0	0.0	0.0	0.0	0.0	0.0	0.0	0.0	0.0	0.0	0.0	0.0	0.0	0.0	0.0	0.0	0.0	0.0
337.07257137293783	6.939807446986038	113617.91837196426	48.160927401242866	238.0565865445276	0.6374503225088404	56670.93839723215	0.4063429136666246	229.5027965903322	0.8243889557638795	0.6796171503854597	52671.5336427834	1.190971	55.659012	0.30416705	-0.047498317699999994	-0.0311669354	0.0591138379	0.0310219208	-0.0419833085	0.0875653075	0.0070811573	0.028099672000000003	0.0044247787	-0.0393533831	-0.0145102704	0.0158060802	0.0767620197	0.0932210406	0.06334785400000001	0.1113645989	-0.0557194256	-0.000521023	-0.013560061200000001	0.0359955746	-0.0262048712	0.0986580984	0.0237678677	-0.0486010905	0.0037174008000000003	0.0122907946	-0.1185681685	0.07754161650000001	0.0806554666	0.1076258031	0.0452132783	0.0052520939	-0.0187153596	-0.021456705	-0.0971137317	0.0417953034	-0.12968036119999998	0.0168118435	-0.08365034240000001	-0.07577080650000001	-0.0116097016	0.0088308576	0.057984103899999986	0.0978201735	-0.042499565499999996	-0.0346528518	-0.0237126123	0.0092487285	0.0548488879	-0.0339727981	-0.0169857914	0.061208052400000004	-0.0073099976	0.0375794061	-0.0919273593	0.018898212	-0.028161721600000002	-0.0365281361	-0.054111842300000004	-0.0105547581	-0.047376487300000006	-0.0561176359	-0.0435924408	0.14786196810000002	-0.0170047968	0.0092988765	-0.0481525088	0.026042803	-0.0387289553	0.0446373655	-0.1188957978	0.0285621688	-0.0093937863	-0.1516530303	0.1029106385	0.0783214852	0.0126702195	0.0205715303	0.0778628831	-0.040376556099999995	0.054840615599999996	-0.1109651913	-0.043798694699999995	-0.0076129256000000015	0.0184268352	-0.0274006475	-0.035275571299999996	-0.1014407558	-0.018222452	0.059585414	0.0562230799	0.0244208123	0.0234426633	0.0141531876	-0.10148684349999999	0.0391033873	-0.043647560099999996	-0.0875123658	-0.1531900952	0.0271545725	-0.0075292713	0.10364386	0.0376546496	0.08504070400000001	0.0629326842	0.030241452599999996	-0.0075353985	-0.044045043	-0.07314775700000001	-0.08994941960000001	-0.09162454240000001	-0.0778914249	-0.101352	-0.007759299999999997	0.010272227904	6.020673648999994e-05	-0.294678	-0.06806800000000003	0.004633252624000003	0.086835123684	-0.08327959999999998	0.01465480000000001	0.00021476316304000031	0.006935491776159997	0.00311381	0.002114769	9.6958127161e-06	4.472247923360998e-06	0.00326632	0.0014761700000000002	2.1790778689000007e-06	1.06688463424e-05	-0.0035728	-0.0006827600000000001	1.276489984e-05	4.661612176000002e-07	0.0	0.0	0.0	0.0	0.0	0.0	0.0	0.0	0.0	0.0	0.0	0.0	0.0	0.0	0.0	0.0	0.0	0.0	0.0	0.0	0.0	0.0	0.0	0.0	0.0	0.0	0.0	0.0	0.0	0.0	0.0	0.0	0.0	0.0	0.0	0.0	0.0	0.0	0.0	0.0	0.0	0.0	0.0	0.0	0.0	0.0	0.0	0.0	0.0	0.0	0.0	0.0	0.0	0.0	0.0	0.0	0.0	0.0	0.0	0.0	0.0	0.0	0.0	0.0	0.0	0.0	0.0	0.0	0.0	0.0	0.0	0.0	0.0	0.0	0.0	0.0	0.0	0.0	0.0	0.0	0.0	0.0	0.0	0.0	0.0	0.0	0.0	0.0	0.0
329.2652135090602	-7.807357863877655	108415.58082716697	60.954836814652275	237.36286631815653	-0.693720226371056	56341.130306771054	0.4812477524763092	228.5258293189309	-0.9769672714012928	0.9544650493892872	52224.05466590514	1.0915549999999998	51.012894	0.50309448	-0.056749517699999995	0.0463032291	-0.0468238104	0.0373136282	-0.010642478700000001	-0.0620068417	0.018545721499999997	0.0024691575	0.0402986212	-0.0670474214	0.0376240594	-0.0053325173	-0.0169917586	0.0234090773	0.0097233814	-0.0631625301	0.0101146496	0.0931349815	0.0018478414000000002	0.0069008659	0.0278351904	-0.1215954225	0.0160667222	-0.0015005672	0.0418850393	-0.0664559894	0.0841550682	-0.0285450557	-0.08581141269999999	0.022470505800000002	0.1274723749	0.0278590939	0.0042477096999999995	-0.0311831743	0.058811715599999995	0.0917773453	-0.1124627751	-0.0293559256	-0.1378615946	-0.0635818395	0.042783941	-0.0046701065	0.0080528047	-0.0962834273	0.0805584909	0.0163694537	0.08349984860000001	0.038958799100000004	0.0076748761	0.10903999140000001	0.0196737214	-0.015843346100000003	-0.027931270600000002	0.0130131168	0.055919224100000005	-0.0365023671	-0.0173514037	-0.0581362475	-0.007338563599999999	0.041527674	-0.0264438575	0.0095289769	-0.0169920209	-0.0444014439	0.0335813829	-0.0090495053	-0.12366939310000001	-0.0160392803	-0.0203943177	-0.0673539128	0.136085237	0.08947220560000001	-0.05957266820000001	0.0322451946	-0.00719206	-0.0486380029	0.1193579058	-0.0408983552	-0.0713544443	0.0170242194	0.053630733300000004	0.0402205687	-0.045370485099999996	-0.0427772036	0.0522707614	0.12724595689999998	0.0279299097	-0.044660104299999996	-0.023944788999999998	-0.0955267776	-0.0478345432	-0.0362054565	-0.0090616836	-0.041097308900000004	0.0101712826	0.10853333470000001	-0.0722287653	0.0814111463	0.0766858882	-0.0543028042	-0.0398863166	-0.022299673399999997	0.0332071621	0.0845282884	0.0610610204	0.026651315699999997	-0.012534436599999999	-0.0494739559	-0.0775474976	-0.0917241444	-0.08946337089999999	-0.0711703189	-0.0782676	0.02308439999999999	0.006125817209760002	0.0005328895233599996	-0.00979054	0.28488746	0.08116086486525159	9.58546734916e-05	-0.00317298	0.08010661999999998	0.006417070567824396	1.00678020804e-05	0.00122278	-0.00189103	1.4951909284e-06	3.5759944609e-06	0.00286437	-0.0004019499999999999	1.615638024999999e-07	8.204615496900003e-06	-0.00358014	-7.339999999999777e-06	1.28174024196e-05	5.387559999999673e-11	0.0	0.0	0.0	0.0	0.0	0.0	0.0	0.0	0.0	0.0	1.0	0.0	0.0	0.0	0.0	0.0	0.0	0.0	0.0	0.0	0.0	0.0	0.0	0.0	0.0	0.0	0.0	0.0	0.0	0.0	0.0	0.0	0.0	0.0	0.0	0.0	0.0	0.0	0.0	0.0	0.0	0.0	0.0	0.0	0.0	0.0	0.0	0.0	0.0	0.0	0.0	0.0	0.0	0.0	0.0	0.0	0.0	0.0	0.0	0.0	0.0	0.0	0.0	0.0	0.0	0.0	0.0	0.0	0.0	0.0	0.0	0.0	0.0	0.0	0.0	0.0	0.0	0.0	0.0	0.0	0.0	0.0	0.0	0.0	0.0	0.0	0.0	0.0	0.0
333.3897630870462	4.124549577986045	111148.7341312368	17.011909221264858	237.59370661908108	0.23084030092454103	56450.769424993974	0.053287244530932636	228.68430315035675	0.1584738314258516	0.025113955246789225	52296.51050736427	0.989683	46.25196500000001	0.12989493	0.0055506895999999995	-0.0269685325	-0.0403291729	-0.0735993669	-0.014924741299999999	-0.052872206500000005	0.0084109805	-0.0193177424	0.0082585068	0.0462090879	-0.0909968491	-0.024912136499999998	-0.0038290133	-0.07436624139999999	-0.0236844307	-0.0305319398	0.017992404899999998	-0.048876984000000005	-0.014483311	0.0156482788	-0.0626790547	-0.0311583779	0.02010043	0.0282179475	0.0501486899	0.0705884622	0.012826535600000001	-0.0617780612	0.0213037588	-0.024350456800000003	0.031540845299999995	-0.058375038399999996	-0.0652417842	0.0993311953	-0.0359765581	-0.013568628999999999	-0.1429209823	-0.06052366150000001	0.0172761151	0.1021886559	-0.0333159992	-0.0085641791	0.0933631625	0.1038083341	-0.05864996400000001	-0.08143654980000001	-0.0016159542	-0.0054304015	0.0054647425	-0.0261554814	-0.0338041997	-0.1112323221	0.0055785314	0.0169709014	0.0449788395	-0.0254039701	0.0067461488	0.025839394900000003	-0.0171461044	-0.08482649369999999	0.0724071303	0.0157032468	0.0320143838	-0.0345154733	-0.017996551	-0.006843881	0.0342078897	0.0464005248	-0.0682599373	0.042848652699999996	0.0433539951	-0.028813832	0.0261844784	0.0308814194	0.0019046226000000001	-0.0305979288	0.0428651621	0.0166983809	-0.0026853252	0.0558813918	0.0636009984	-0.1474428797	0.008449156999999999	0.0334703095	0.0787790851	0.026847142200000004	-0.06168229030000001	-0.0609777796	0.11668899349999999	0.0997162316	-0.0948323957	-0.006359727700000001	-0.0014004517	-0.0375885631	-0.0333761973	-0.023039640400000002	-0.0442961762	-0.0205905735	0.1782900137	-0.0197086983	0.0091261323	-0.1039770584	-0.0218370754	0.0840003732	0.0591445729	0.0230172018	-0.0174967091	-0.0546761568	-0.0814356093	-0.0926753413	-0.0862533231	-0.063393441	-0.0368846	0.041382999999999996	0.0013604737171600005	0.0017125526890000005	-0.0425167	-0.03272616	0.0010710015483456	0.00180766977889	-0.0129729	-0.009799919999999998	9.603843200639996e-05	0.00016829613440999994	0.000652033	-0.0005707469999999999	4.25147033089e-07	3.2575213800899987e-07	0.00292582	6.144999999999979e-05	3.776102499999973e-09	8.5604226724e-06	-0.00329262	0.0002875199999999999	1.08413464644e-05	8.266775039999992e-08	0.0	0.0	0.0	0.0	0.0	0.0	0.0	0.0	0.0	0.0	0.0	0.0	0.0	0.0	0.0	0.0	0.0	0.0	0.0	0.0	0.0	0.0	0.0	0.0	0.0	0.0	0.0	0.0	0.0	0.0	0.0	0.0	0.0	0.0	0.0	0.0	0.0	0.0	0.0	0.0	0.0	0.0	0.0	0.0	0.0	0.0	0.0	0.0	0.0	0.0	0.0	0.0	0.0	0.0	0.0	0.0	0.0	0.0	0.0	0.0	0.0	0.0	0.0	0.0	0.0	0.0	0.0	0.0	0.0	0.0	0.0	0.0	0.0	0.0	0.0	0.0	0.0	0.0	0.0	0.0	0.0	0.0	0.0	0.0	0.0	0.0	0.0	0.0	0.0
336.21464925399954	2.82488616695332	113040.29037298993	7.97998185624422	237.9825430581736	0.38883643909252896	56635.690800435455	0.15119377636615802	229.15611525433988	0.47181210398312606	0.22260666146498406	52512.5251584603	0.902911	42.196774	0.28794195	-0.055944765300000004	-0.0784971681	0.0337754339	-0.0372387114	-0.058034753700000004	0.021422962900000002	0.0264183673	0.0342737142	-0.0203343851	0.0130120116	-0.0687313589	-0.0267185173	0.05202739	-0.0129436178	0.0319940487	-0.0413615777	-0.0059445006	-0.028286562799999998	-0.020298025	0.0183678474	-0.067280264	0.0003784433	0.0552164215	-0.0726729526	-0.0408163891	0.0174930023	-0.0085977259	0.0182624774	-0.0601991315	0.0449722	-0.020717967	0.0348167354	0.0054239113	0.1233261666	-0.0835466193	-0.0764067493	0.0313671178	0.0297220858	-0.0217090673	0.048057482900000004	0.0679007195	0.0638311149	-0.0027573139000000003	0.012928253300000001	0.0137645408	-0.0640822751	-0.1383786326	-0.0036485960999999996	0.0767483744	-0.042401160300000004	-0.0684573	0.0045835693	-0.011033480200000001	0.0540200599	-0.019853082299999998	0.014554246399999997	-0.033825403399999995	0.0172874929	-0.0516173508	-0.0612185901	0.0355337331	-0.0694294858	0.0052163107	-0.0012728564	-0.007150048000000002	0.019396822299999998	0.0138940511	0.0922950399	-0.027196548100000002	0.0248726041	-0.0341982067	0.1079702067	0.0191192564	0.0482162624	-0.0967928602	0.026343358900000002	-0.0381896741	0.0277741999	0.06937186740000001	0.0592721094	-0.1178708158	-0.0710611194	0.0078814828	-0.052243234699999995	-0.0627861103	-0.0165605084	-0.027310142000000003	0.0827381736	0.0271337993	0.0329177022	-0.011231958899999998	0.0413309219	0.052269656	-0.0264507329	0.036937896	-0.09615193080000001	0.011763511899999999	0.058769488099999996	0.06072592440000001	-0.0425882716	-0.10706450320000001	0.0170391129	-0.09447979029999999	0.08345705519999999	0.0571847471	0.0193451075	-0.0224076607	-0.059627806900000004	-0.08478643960000001	-0.0927944701	-0.0820320339	-0.0546761568	-0.0174849	0.0193997	0.0003057217280100001	0.00037634836009000017	-0.199908	-0.15739129999999998	0.024772021315690004	0.039963208464	0.0131592	0.0261321	0.0006828866504099999	0.00017316454464000002	0.00120832	0.0005562869999999999	1.4600372223999996e-06	3.0945522636899986e-07	0.00386417	0.00093835	8.805007225000002e-07	1.4931809788900003e-05	-0.00308688	0.00020573999999999983	9.5288281344e-06	4.232894759999993e-08	0.0	0.0	0.0	0.0	0.0	0.0	0.0	0.0	0.0	0.0	0.0	0.0	0.0	0.0	0.0	0.0	0.0	0.0	0.0	0.0	0.0	0.0	0.0	0.0	0.0	0.0	0.0	0.0	0.0	0.0	0.0	0.0	0.0	0.0	0.0	0.0	0.0	0.0	0.0	0.0	0.0	0.0	0.0	0.0	0.0	0.0	0.0	0.0	0.0	0.0	0.0	0.0	0.0	0.0	0.0	0.0	0.0	0.0	0.0	0.0	0.0	0.0	0.0	0.0	0.0	0.0	0.0	0.0	0.0	0.0	0.0	0.0	0.0	0.0	0.0	0.0	0.0	0.0	0.0	0.0	0.0	0.0	0.0	0.0	0.0	0.0	0.0	0.0	0.0
335.42026762904663	-0.794381624952905	112506.75593634127	0.6310421660628178	238.00623461448174	0.0236915563081368	56646.96771536373	0.0005612898403016165	229.2783179897077	0.12220273536780725	0.014933508531374325	52568.54710018951	1.1580990000000002	54.122749	0.26956149999999995	0.0140451902	-0.005549390899999999	0.0655416722	0.075284454	-0.0007137802000000001	0.107214979	-0.019396869	0.0167950743	-0.024648560400000002	-0.059192305999999986	0.0627604316	0.0097318187	0.0318632861	0.008117068	-0.041868357200000005	0.0456295892	0.0428710229	0.0320311229	0.0630916675	0.0753480094	-0.08501235900000001	0.0726071407	0.033346162400000004	-0.057167372	0.0527042158	0.0867918131	0.023667941499999998	-0.0538932582	-0.057452923899999994	0.0538497787	-0.025241039700000002	-0.0787364381	-0.0760796325	0.026479782900000002	-0.0998227091	-0.07391078400000001	-0.0450055315	0.0312670932	-0.11109270310000001	-0.004235615999999999	-0.050052417	0.0834426295	-0.09223389060000001	0.07163159179999999	0.021233811499999998	0.1261715668	-0.080056497	-0.0055114024	0.0007206989	-0.0229290737	0.025085623999999997	0.10699525300000001	0.0059298543000000006	-0.003174425	-0.1043415282	0.0480174909	0.0131449425	-0.0038646764	-0.008057532099999999	0.08315642	-0.0589725568	-0.0125517766	0.0179159942	-0.0117684355	-0.0005633019	0.023285884	-0.0344861753	0.0005460745	-0.1071753056	0.1347642077	-0.06051148360000001	0.029825689	-0.0671851392	0.0280218405	0.0461822884	-0.044615378	-0.078718502	-0.007594340400000002	0.118262735	0.08580960210000001	0.0350257742	0.0038776855	-0.0764374829	0.0315485431	-0.1836806345	0.09576297710000001	0.10934892439999999	0.0444300579	-0.04264182019999999	0.0101746772	0.0057382125	0.0385174561	0.083595312	-0.0408774029	0.0109132065	0.0483194462	0.035809648	0.0455362557	0.0122302577	0.062014065599999994	-0.1368666475	-0.0164614279	-0.14191701980000002	0.0828984341	0.0551829804	0.0156410921	-0.0272528867	-0.0643062155	-0.08757788119999999	-0.09208046130000001	-0.07684899419999999	-0.0451477824	-0.059306	-0.0418211	0.0035172016360000002	0.00174900440521	-0.186961	0.012947000000000014	0.00016762480900000038	0.034954415521	-0.0296952	-0.0428544	0.00183649959936	0.0008818049030400002	0.00239482	0.0011865000000000005	5.735162832400002e-06	1.407782250000001e-06	0.00472945	0.0008652799999999995	7.48709478399999e-07	2.23676973025e-05	-0.00447388	-0.0013870000000000002	2.0015602254400007e-05	1.9237690000000007e-06	0.0	0.0	0.0	0.0	0.0	0.0	0.0	0.0	0.0	0.0	0.0	0.0	0.0	0.0	0.0	0.0	0.0	0.0	0.0	0.0	0.0	0.0	0.0	0.0	0.0	0.0	0.0	0.0	0.0	0.0	0.0	0.0	0.0	0.0	0.0	0.0	0.0	0.0	0.0	0.0	0.0	0.0	0.0	0.0	0.0	0.0	0.0	0.0	0.0	0.0	0.0	0.0	0.0	0.0	0.0	0.0	0.0	0.0	0.0	0.0	0.0	0.0	0.0	0.0	0.0	0.0	0.0	0.0	0.0	0.0	0.0	0.0	0.0	0.0	0.0	0.0	0.0	0.0	0.0	0.0	0.0	0.0	0.0	0.0	0.0	0.0	0.0	0.0	0.0
332.6910371909459	-2.7292304381007284	110683.32622718737	7.448698784255494	237.48324105134884	-0.5229935631328999	56398.289780253064	0.27352226707844657	228.6543919497758	-0.6239260399318879	0.3892837033050879	52282.8309579217	1.16704	54.540611	0.7251773	0.0167226546	0.0995895953	-0.12326603259999999	0.021798843	0.026568832200000003	-0.10529486980000001	-0.0171291217	-0.0774011079	-0.0073246099	-0.04536581940000002	0.0406876578	0.0122931321	-0.0619553288	0.014167393700000001	0.0254482836	-0.0229571792	-0.0993994845	0.0293425793	-0.0172900239	-0.048379930999999994	0.0137200742	0.028726738199999997	0.0656975228	0.013256248799999999	0.0084141128	-0.0334169277	-0.020293143899999998	0.010548906399999999	-0.0220387441	-0.0080512772	-0.0166076034	-0.0690602338	0.0135913566	-0.1367361561	0.0195293382	-0.032858698900000004	-0.1291961342	0.0211229792	0.0101353814	-0.0233768095	0.08198385429999999	0.0355582504	-0.032188097	-0.0473796516	0.0499492163	-0.0088161312	-0.0162164006	0.0077671352000000015	-0.0062417542000000005	0.0897216984	0.11313764789999999	-0.050638514800000006	0.020664183	-0.0238959348	0.10475604289999996	-0.03179322	0.0802026696	-0.014098415900000001	0.0051039432	0.027461170899999998	-0.0008286282	0.049887014199999996	-0.0323800771	0.0368556447	0.0075131834999999985	0.0520205378	-0.031546987900000004	0.080696657	0.011929658000000001	-0.0345312274	0.0242477548	0.0365921028	0.0806085063	-0.0739037726	0.08813973800000001	-0.02854563	0.0143538181	-0.0718937484	-0.0772989097	0.0126428774	0.025637541099999998	-0.038142374900000005	-0.046580589900000004	0.0762378111	0.007220761999999999	-0.0344741818	-0.045064329800000004	0.0078573151	-0.0353824856	-0.111238738	0.0520149614	0.109401792	0.0692370598	0.010679943400000001	0.055579443	0.0995206177	0.1492013579	0.0105027707	-0.0584412653	-0.0167454784	-0.0292458821	0.009295846600000001	-0.0721889317	0.0823246123	0.053140741	0.0119112676	-0.0320181754	-0.068689944	-0.08979151710000001	-0.0905397255	-0.07076497030000001	-0.034949665899999996	-0.14512	-0.085814	0.0210598144	0.007364042596	-0.0146765	0.17228449999999998	0.029681948940249992	0.00021539965225	-0.204347	-0.17465179999999997	0.03050325124324	0.041757696409	0.00185332	-0.0005415000000000001	3.434795022400001e-06	2.932222500000001e-07	0.00119977	-0.003529679999999999	1.2458640902399995e-05	1.4394480529e-06	-0.00269652	0.0017773600000000004	7.2712201104e-06	3.159008569600001e-06	0.0	0.0	0.0	0.0	0.0	0.0	0.0	0.0	0.0	0.0	0.0	1.0	0.0	0.0	0.0	0.0	0.0	0.0	0.0	0.0	0.0	0.0	0.0	0.0	0.0	0.0	0.0	0.0	0.0	0.0	0.0	0.0	0.0	0.0	0.0	0.0	0.0	0.0	0.0	0.0	0.0	0.0	0.0	0.0	0.0	0.0	0.0	0.0	0.0	0.0	0.0	0.0	0.0	0.0	0.0	0.0	0.0	0.0	0.0	0.0	0.0	0.0	0.0	0.0	0.0	0.0	0.0	0.0	0.0	0.0	0.0	0.0	0.0	0.0	0.0	0.0	0.0	0.0	0.0	0.0	0.0	0.0	0.0	0.0	0.0	0.0	0.0	0.0	0.0
333.8859497382516	1.1949125473057052	111479.82743261427	1.4278159957086092	237.2184166383258	-0.2648244130230353	56272.57719239434	0.07013196973299518	228.55783841911327	-0.0965535306625327	0.009322584283400642	52238.68550281749	1.132407	52.922035	0.458455	0.1182051709	-0.06670831599999999	0.0717501931	-0.0415847294	0.0682322226	0.0659281091	-0.026742170899999997	-0.051218303	0.010878541299999999	0.0372675584	-0.10244493869999999	-0.0088287434	0.0350325219	-0.0925880058	-0.049423809400000004	-0.0579421403	0.0968143401	0.05753576780000001	-0.0302234496	0.006411069100000001	0.024518181400000002	-0.0117337518	-0.08822708630000001	-0.0302080348	-0.011230448	-0.022295120499999998	0.0692837847	-0.08519190689999999	0.0387908988	0.0206171964	-0.0415252062	-0.0742142063	-0.0005777922	0.1095713615	-0.0064261933	0.032567248199999996	0.0554040134	-0.0073316393000000014	-0.0020706694	0.0779050397	0.0005541524	-0.018439561299999997	-0.0334045858	-0.0213500322	-0.0086411357	0.0333576761	0.0864296802	-0.05966004730000001	-0.0877851469	-0.1124835656	-0.0779316082	-0.042817611299999996	0.08113211599999999	-0.0717895376	-0.0612091208	-0.000800307	0.0575319229	0.011406531999999999	-0.038213662200000005	-0.0700945627	0.0419664848	0.0011972611	0.0540145204	-0.1366309462	0.0168166634	-0.0579665367	-0.053853919699999996	-0.0022185338000000002	-0.0200795931	-0.0587602096	0.0036104912	-0.0531366547	-0.0482565987	0.024553651	-0.0796387851	-0.045177435	-0.1133870387	0.033272269900000005	-0.0239699611	0.0249087757	0.042736698899999995	-0.0178227933	-0.0168855928	-0.0804872536	0.071848118	-0.0074572677	0.0515985299	-0.0127930193	0.0117110516	0.09323576300000001	-0.0209583626	-0.09139204779999999	0.013429478	0.09353843869999999	-0.012747128	0.0457239666	-0.09590000230000001	0.0620600211	0.0127499273	-0.013057484	0.0523399975	0.0757483196	-0.0807216115	0.08173569509999999	0.051059526699999996	0.0081617885	-0.0366895492	-0.07275890410000001	-0.0914127426	-0.0881860959	-0.0638512918	-0.0242330906	-0.164215	-0.019094999999999997	0.026966566225000002	0.00036461902499999995	-0.20024	-0.1855635	0.034433812532249995	0.0400960576	-0.257021	-0.052674	0.0027745502759999995	0.066059794441	0.00407754	0.00222422	1.66263324516e-05	4.947154608399998e-06	0.00222074	0.0010209700000000002	1.0423797409000004e-06	4.9316861476e-06	-0.00347378	-0.0007772600000000001	1.20671474884e-05	6.041331076000001e-07	0.0	0.0	0.0	0.0	0.0	0.0	0.0	0.0	0.0	0.0	0.0	0.0	0.0	0.0	0.0	0.0	0.0	0.0	0.0	0.0	0.0	0.0	0.0	0.0	0.0	0.0	0.0	0.0	0.0	0.0	0.0	0.0	0.0	0.0	0.0	0.0	0.0	0.0	0.0	0.0	0.0	0.0	0.0	0.0	0.0	0.0	0.0	0.0	0.0	0.0	0.0	0.0	0.0	0.0	0.0	0.0	0.0	0.0	0.0	0.0	0.0	0.0	0.0	0.0	0.0	0.0	0.0	0.0	0.0	0.0	0.0	0.0	0.0	0.0	0.0	0.0	0.0	0.0	0.0	0.0	0.0	0.0	0.0	0.0	0.0	0.0	0.0	0.0	0.0
335.2739927702373	1.3880430319857169	112408.65022809716	1.9266634586441016	237.3650781854467	0.14666154712088542	56342.18034198322	0.02150960940389169	229.29764474351842	0.7398063244051514	0.5473133976298601	52577.40988492478	1.126621	52.651642	0.3342756000000001	0.013010605	0.044284723399999996	0.0169309999	0.0237497136	0.0229971918	0.0215994305	-0.0313175079	-0.0239522495	0.0380467623	-0.08348128440000001	0.0226130197	-0.0243149169	0.0448009029	-0.0256408684	0.0181072501	0.032279637	0.0680516249	-0.003711405	0.0636023121	-0.031416527	-0.0241170048	-0.0687963344	0.045211317599999995	-0.009607708000000001	0.007580478299999999	-0.0627592201	0.022529382599999998	0.06286122179999999	0.0691167196	0.0189334521	0.113311594	-0.1030437705	-0.0230970784	-0.0198784859	0.052281096900000004	0.05897522230000001	0.15441720539999998	0.0315659315	-0.0231981733	0.0750653158	-0.018784151000000002	0.0162395779	-0.0681567771	-0.024925832999999998	0.0212159866	0.1246747536	0.008957060400000001	0.0312762271	-0.0331189883	-0.0153985138	0.044264453499999995	0.0057788221999999995	-0.003562976500000001	-0.022474842400000004	-0.025675068500000002	-0.0164361769	0.035128015	-0.0682741662	-0.04643745690000002	0.0676306644	-0.0279967857	-0.034631833199999996	0.0845939162	-0.001166446	0.0297604992	-0.0076211761	0.0228385846	-0.0646477897	0.0649034588	0.049455419900000006	0.1026649925	0.0171786788	-0.025160910800000002	-0.0786260819	0.0374099482	-0.0104512301	-0.043998921100000005	0.0308252081	0.0115040383	-0.039044254	-0.042457820300000004	0.0535475854	-0.055832857300000004	-0.10156787169999999	-0.025965068100000002	0.011520513799999998	0.1431539275	0.032409005899999996	0.0030115015000000004	0.051987143799999996	0.0229792102	0.1046349181	0.07922798730000001	0.052659469800000004	0.0510262026	-0.0826345244	0.0426184499	0.0381643054	0.031949922400000004	0.0951981999	-0.0342996096	-0.0058608612	0.141252539	0.0811317903	0.0489408639	0.0043988416999999995	-0.0412533063	-0.0764944501	-0.0924308615	-0.08504070400000001	-0.056189015300000006	-0.013157031000000001	-0.08945939999999998	0.07475560000000002	0.008002984248359997	0.005588399731360003	-0.161244	0.038995999999999996	0.0015206880160000002	0.025999627536	-0.119853	0.137168	0.018815060224000004	0.014364741609	0.00328983	-0.0007877100000000001	1.08229814289e-05	6.204870441000001e-07	0.00260507	0.00038433	1.477095489e-07	6.7863897049e-06	-0.00396886	-0.0004950800000000002	1.5751849699600006e-05	2.451042064000002e-07	0.0	0.0	0.0	0.0	0.0	0.0	0.0	0.0	0.0	0.0	0.0	0.0	0.0	0.0	0.0	0.0	0.0	0.0	0.0	0.0	0.0	0.0	0.0	0.0	0.0	0.0	0.0	0.0	0.0	0.0	0.0	0.0	0.0	0.0	0.0	0.0	0.0	0.0	0.0	0.0	0.0	0.0	0.0	0.0	0.0	0.0	0.0	0.0	0.0	0.0	0.0	0.0	0.0	0.0	0.0	0.0	0.0	0.0	0.0	0.0	0.0	0.0	0.0	0.0	0.0	0.0	0.0	0.0	0.0	0.0	0.0	0.0	0.0	0.0	0.0	0.0	0.0	0.0	0.0	0.0	0.0	0.0	0.0	0.0	0.0	0.0	0.0	0.0	0.0
331.0070259251301	-4.266966845107221	109565.65121179976	18.207006057244264	237.17712844890912	-0.18794973653757552	56252.990259270344	0.03532510346454405	228.8891768374146	-0.40846790610382294	0.16684603031684156	52390.255273309245	1.07235	50.115356	0.24727170000000004	0.0179761539	-0.0044196336	-0.0621121424	-0.026764622000000002	0.0175974093	-0.0614341572	0.0038555198	-0.0388358984	0.021970315600000002	-0.0162423262	-0.0870369786	0.0082978687	0.0202342561	-0.0319049113	0.0590426437	-0.0287696025	-0.011084296499999998	-0.0995407423	0.0015576614	-0.0304219262	-0.09446458449999999	0.0026627684000000004	-0.0281471884	0.0385072609	-0.0110455113	-0.0319028841	0.11279943349999999	-0.0407932782	0.0273351729	-0.0020837653	0.0466469424	-0.0198790014	-0.011027633600000001	-0.04921696230000002	0.07462191280000001	0.040224973399999996	-0.0853387144	0.0052080328999999995	0.0427472051	0.09489177230000001	0.0366210167	0.0475193871	-0.00825338	-0.003201791	-0.05881436440000001	-0.0155100373	-0.0025725627	-0.000671673	-0.0349805916	0.0246666565	-0.009647578	-0.11652915429999999	-0.0151015478	-0.013874071000000002	0.0446355575	-0.0379148176	0.035222737999999996	-0.012511626599999999	-0.06050148	-0.0808961723	0.0086972048	-0.049142337300000005	-0.0017921164000000004	-0.0299068393	-0.0044600164	-0.0148576927	0.0915791401	0.0583360229	-0.000539367	0.0220341732	0.0427798154	-0.001210013	-0.0461882932	0.0015006657	-0.0996033886	-0.0152778701	0.010699453700000002	0.0011753209	-0.094281862	-0.0158221854	-0.0729050161	-0.0444135786	-0.148127831	-0.022310476699999998	0.0381586814	0.0170483784	-0.0229185996	0.0481801272	0.025028098	-0.0286077985	-0.1065005497	0.0187425515	0.048000523600000004	-0.0786021542	0.015161860800000001	0.0672855104	0.0432918147	-0.025154499700000003	-0.0804524476	-0.0497528913	0.0026050005	-0.0613356234	-0.010739399299999999	0.0805130088	0.0467863066	0.0006286365	-0.0456960603	-0.079879464	-0.0928391566	-0.0811317903	-0.0478679739	-0.0018857942000000002	-0.0700012	0.01945819999999998	0.00490016800144	0.00037862154723999924	-0.154434	0.0068100000000000105	4.637610000000014e-05	0.023849860356	-0.164047	-0.044194	0.001953109636	0.026911418209	0.00224299	-0.0010468400000000005	5.031004140099998e-06	1.0958739856000006e-06	0.00140968	-0.0011953900000000002	1.4289572521000004e-06	1.9871977024e-06	-0.0026749	0.0012939600000000002	7.15509001e-06	1.6743324816000006e-06	0.0	0.0	0.0	0.0	0.0	0.0	0.0	0.0	0.0	0.0	0.0	0.0	0.0	0.0	0.0	0.0	0.0	0.0	0.0	0.0	0.0	0.0	0.0	0.0	0.0	0.0	0.0	0.0	0.0	0.0	0.0	0.0	0.0	0.0	0.0	0.0	0.0	0.0	0.0	0.0	0.0	0.0	0.0	0.0	0.0	0.0	0.0	0.0	0.0	0.0	0.0	0.0	0.0	0.0	0.0	0.0	0.0	0.0	0.0	0.0	0.0	0.0	0.0	0.0	0.0	0.0	0.0	0.0	0.0	0.0	0.0	0.0	0.0	0.0	0.0	0.0	0.0	0.0	0.0	0.0	0.0	0.0	0.0	0.0	0.0	0.0	0.0	0.0	0.0
335.4273241992079	4.4202982740777665	112511.48981944053	19.539036831814872	238.14833479972427	0.9712063508151516	56714.62936788157	0.9432417758636832	229.0814169897887	0.1922401523740973	0.03695627618481615	52478.295610049456	1.0421790000000002	48.70533	0.51095745	-0.0406478799	-0.062461450999999994	-0.0625561493	-0.0478753334	-0.051503313700000004	-0.023989288799999998	0.0311041633	0.0069271916	-0.061271889	0.0141490414	-0.0268737363	-0.021239708399999998	-0.0230182869	0.0526731138	0.0212569991	0.0383392347	0.0325737914	-0.0606945417	-0.0284417314	-0.0188990538	-0.0059204773	-0.09230553849999999	0.0372906566	0.0365723191	0.028794746200000002	0.008036317099999999	-0.0898328427	-0.0041607483	-0.008167391500000001	-0.012576768	0.0343668163	0.1611971568	-0.1216857935	-0.1461032477	-0.0265115228	-0.028860987799999998	0.0126502448	0.0668595242	-0.0216899085	-0.0014969288	0.006911523199999999	0.018117456299999998	0.0166231659	-0.0785831555	-0.0408465649	-0.0448510784	-0.09405324179999999	-0.041289149	0.0848792907	0.0015274512	0.0044055719	-0.0344047569	-0.0227385891	0.05489448139999999	0.028603337200000002	0.0025257949	-0.012165299899999999	0.055257669100000004	-0.0180035531	-0.0089384557	0.032960710899999995	-0.0269499281	-0.0462970215	0.058560691	0.0009561675	-0.0901347032	0.0727308807	-0.025208642000000003	0.043088013499999994	0.0512919488	0.0717315366	0.0528074336	-0.0405967779	0.0360438092	-0.0116108102	0.0336375204	0.17464412079999994	-0.0562961097	0.012366211100000002	0.0112422354	-0.0012089632	0.0730776303	-0.0143261275	-0.0497450428	-0.1267801493	-0.0706469982	-0.0723586975	-0.0491295657	0.0002379561	-0.0386806124	-0.0014913566	-0.0237638397	0.0155599558	0.0601099484	0.0453845583	0.0062776646	0.0321885592	-0.11129302390000001	0.0708840788	-0.0335684315	0.0314556338	0.0156877613	0.06318100089999999	0.079879464	0.0445974349	-0.0031426060999999996	-0.050004779900000004	-0.0828984341	-0.0926349341	-0.0764944501	-0.0389857244	0.0094134174	-0.07728749999999998	-0.007286299999999982	0.0059733576562499965	5.309016768999973e-05	-0.178738	-0.02430400000000002	0.000590684416000001	0.031947272644000005	-0.0381466	0.1259004	0.01585091072016	0.0014551630915600002	-0.000415279	-0.0026582690000000004	1.7245664784100002e-07	7.066394076361e-06	-0.00109552	-0.0025052	6.27602704e-06	1.2001640704e-06	-0.0007690339999999999	0.001905866	5.91413293156e-07	3.6323252099559997e-06	0.0	0.0	0.0	0.0	0.0	0.0	0.0	0.0	0.0	0.0	0.0	0.0	1.0	0.0	0.0	0.0	0.0	0.0	0.0	0.0	0.0	0.0	0.0	0.0	0.0	0.0	0.0	0.0	0.0	0.0	0.0	0.0	0.0	0.0	0.0	0.0	0.0	0.0	0.0	0.0	0.0	0.0	0.0	0.0	0.0	0.0	0.0	0.0	0.0	0.0	0.0	0.0	0.0	0.0	0.0	0.0	0.0	0.0	0.0	0.0	0.0	0.0	0.0	0.0	0.0	0.0	0.0	0.0	0.0	0.0	0.0	0.0	0.0	0.0	0.0	0.0	0.0	0.0	0.0	0.0	0.0	0.0	0.0	0.0	0.0	0.0	0.0	0.0	0.0
333.98279724339807	-1.4445269558098062	111544.50885452474	2.086658126061146	237.8875114088661	-0.2608233908581781	56590.468084303386	0.06802884121875792	229.23199636650705	0.15057937671835475	0.0226741486928882	52547.308158174295	1.0935469999999998	51.105961	0.37601186	-0.0296048467	-0.037039679	0.026250917599999996	0.021805150099999997	-0.022998251	0.055702605999999995	0.0115382252	0.020960277700000002	-0.023829278399999997	0.0139804773	-0.0093908439	0.0190747704	-0.0047871233000000004	0.1352441121	-0.0105495923	0.0493841347	-0.057860453	0.0387458893	-0.040938065499999995	0.0101774929	-0.045814606699999996	0.0570896944	-0.030040363599999998	-0.0397418533	-0.0793120031	0.0824006152	-0.0766094789	0.0482133866	0.13552805980000002	0.047565861699999996	-0.0578361258	-0.0067688753	0.0004195289	-0.019538966100000003	0.0018989862	0.0444312736	0.0471928812	-0.0234427373	0.0712812171	0.048170577199999995	-0.0027103139	-0.10775651539999999	-0.0335387626	0.0308735387	0.0031815331	0.058440143	-0.026973586299999998	-0.0169061085	0.0385550693	-0.0170377091	-0.0368386554	0.0356297093	-0.015774686899999998	0.0236511585	-0.0569301301	0.0313030256	-0.0166076244	0.0158572638	0.0108110963	-0.0053075188	-0.0277030366	0.0088870315	-0.12681261359999998	0.038884141000000004	-0.0329583622	-0.0244418244	-0.0255543977	0.0116369799	0.0103309571	0.08996792	-0.1216309635	-0.0342266659	-0.0035831874	-0.0007156985	0.0308819045	0.0302747786	-0.044971139699999996	0.09988816699999999	0.0413173471	-0.0327791099	0.0228159979	0.0660426517	-0.012532343100000001	-0.015749358300000002	-0.0026092684	-0.1054375675	-0.1336825977	-0.1102127461	-0.08992561	-0.0786632548	0.0378736929	0.0701361641	-0.10492344710000001	0.0659638825	-0.09126684800000001	-0.0258951365	0.0363577182	0.1133857975	0.056560459699999996	-0.024692240499999997	0.0762807773	-0.09330662449999999	-0.0395966435	0.0792312721	0.0423758542	-0.006908663000000001	-0.0541668268	-0.08553752619999999	-0.0918195415	-0.0711703189	-0.0296464028	0.0205729861	-0.130527	-0.053239500000000016	0.017037297729000003	0.0028344443602500023	-0.188221	-0.009482999999999991	8.992728899999984e-05	0.035427144841	-0.147505	-0.10935839999999998	0.011959259650559998	0.021757725025	0.00105848	0.001473759	1.1203799104000002e-06	2.171965590081e-06	-5.56858e-05	0.0010398342	1.0812551634896401e-06	3.1009083216400003e-09	-0.00233406	-0.0015650260000000002	5.447836083600001e-06	2.449306380676001e-06	0.0	0.0	0.0	0.0	0.0	0.0	0.0	0.0	0.0	0.0	0.0	0.0	0.0	0.0	0.0	0.0	0.0	0.0	0.0	0.0	0.0	0.0	0.0	0.0	0.0	0.0	0.0	0.0	0.0	0.0	0.0	0.0	0.0	0.0	0.0	0.0	0.0	0.0	0.0	0.0	0.0	0.0	0.0	0.0	0.0	0.0	0.0	0.0	0.0	0.0	0.0	0.0	0.0	0.0	0.0	0.0	0.0	0.0	0.0	0.0	0.0	0.0	0.0	0.0	0.0	0.0	0.0	0.0	0.0	0.0	0.0	0.0	0.0	0.0	0.0	0.0	0.0	0.0	0.0	0.0	0.0	0.0	0.0	0.0	0.0	0.0	0.0	0.0	0.0
334.77332127666284	0.7905240332647736	112073.17663860774	0.6249282471692049	237.7287386595163	-0.15877274934979368	56514.9531846446	0.02520878593609241	229.02156383057687	-0.21043253593018107	0.04428185217800695	52450.87669940299	1.151691	53.82328	0.57332999	0.11584534630000001	0.0803218375	-0.0285419484	0.0478976496	0.0804322529	0.013512923999999999	-0.0678389412	-0.091088297	0.0059514922	-0.0226028663	0.0451678599	0.0465079989	0.0145790933	0.058369255599999996	-0.0396049342	0.0416194992	0.049162333499999995	0.0218762602	0.0219443259	0.0084855504	0.0832367937	0.0769675812	-0.0592959417	-0.06703064110000001	-0.060069912300000014	0.04363551	0.1080833715	0.0083686839	0.0369557326	0.0265330311	-0.1203088311	-0.0755049047	0.0023299379999999997	-0.0869635427	0.0706752615	0.0465648129	0.0380815119	0.037500755499999996	-0.0910675273	0.0329233741	-0.0054322795	-0.0749075454	-0.0096538948	0.0565799638	-0.10456157619999999	-0.0244272523	-0.0538427298	-0.0104109908	-0.0953694936	-0.0085712269	0.0900982624	0.0114192272	0.08448289810000001	-0.0774211864	-0.0065539512	-0.0058637067000000005	0.11383325949999999	-0.028513089300000002	0.0188779722	0.0274340735	-0.0815836942	-0.0162231958	-0.036736635	-0.024107293	-0.0209064835	-0.0413408232	-0.0349863658	-0.10070035390000001	-0.010212777099999999	-0.0469843404	-0.1488687217	-0.0036410601000000003	-0.0100808423	0.05788170650000001	-0.020894544299999998	0.0011711139	-0.10593928650000001	0.048912091399999996	-0.0651084539	-0.0969568435	0.09008432359999999	0.043675894699999995	-0.144897395	-0.0684141938	-0.0059413385	-0.0098482834	-0.0196590047	0.0213367553	0.0410063268	0.05206869099999999	0.0159672813	-0.0823908843	-0.0510398952	-0.0436397609	-0.023498415099999996	-0.0949600019	-0.061840547999999995	-0.0419522712	0.0194344836	-0.0191528041	-0.04108201	-0.0548477273	-0.0782578384	0.0785685519	0.0401231939	-0.0106633201	-0.0581699931	-0.0877846467	-0.0903983584	-0.0652071985	-0.0199595043	0.0314273661	-0.162525	-0.031998	0.026414375625	0.001023872004	-0.054739800000000005	0.13348120000000002	0.017817230753439998	0.002996445704040001	-0.298241	-0.15073599999999998	0.022721341695999996	0.08894769408099999	0.00236104	0.00130256	5.5745098816e-06	1.6966625535999996e-06	0.00209148	0.0021471657999999998	4.6103209726896415e-06	4.3742885904e-06	-0.00402663	-0.0016925699999999994	1.62137491569e-05	2.8647932048999988e-06	0.0	0.0	0.0	0.0	0.0	0.0	0.0	0.0	0.0	0.0	0.0	0.0	0.0	1.0	0.0	0.0	0.0	0.0	0.0	0.0	0.0	0.0	0.0	0.0	0.0	0.0	0.0	0.0	0.0	0.0	0.0	0.0	0.0	0.0	0.0	0.0	0.0	0.0	0.0	0.0	0.0	0.0	0.0	0.0	0.0	0.0	0.0	0.0	0.0	0.0	0.0	0.0	0.0	0.0	0.0	0.0	0.0	0.0	0.0	0.0	0.0	0.0	0.0	0.0	0.0	0.0	0.0	0.0	0.0	0.0	0.0	0.0	0.0	0.0	0.0	0.0	0.0	0.0	0.0	0.0	0.0	0.0	0.0	0.0	0.0	0.0	0.0	0.0	0.0
332.13447766169423	-2.6388436149686068	110313.31125160649	6.963495624260588	237.53856722516718	-0.1901714343491108	56424.570919385274	0.03616517444239815	229.55586726520698	0.5343034346301181	0.2854801602575409	52695.89619588133	1.135438	53.06369	0.29078345	0.0602035038	-0.0043028489000000005	-0.0722285706	-0.0437551112	0.0350692874	-0.0621680369	-6.81307e-05	-0.0716870287	-0.0153059797	0.013725042199999999	-0.0672610645	0.008703131999999999	-0.0744596094	-0.0375485298	0.014773190600000001	-0.0790593313	-0.0347875623	-0.0216165858	0.041166235600000003	0.0022801976	0.0563425884	0.0347883092	0.0731201824	0.0777502414	0.008156176800000001	0.0048146075	-0.013376029199999999	0.0182558669	-0.005444848	0.044535041799999994	-0.0083826074	-0.0833676869	0.0531628965	-0.038469667400000004	-0.037233848300000004	0.12510372220000002	-0.0404758724	0.028364523399999998	0.0047278178	-0.0336348841	-0.0180135641	0.023201764700000002	-0.0273038007	0.0635022286	-0.0911802053	0.043613849	0.0395869327	-0.0359223043	-0.0330821124	0.0062729613	0.006451318199999999	-0.0954231559	0.036415956	-0.029766108399999998	0.056983075999999994	-0.0326048024	0.0730256208	0.0343243662	-0.0229042496	-0.0570941792	0.0619746483	0.055986567699999996	-0.0131276152	-0.0100505478	0.020629932099999998	0.062422013	0.0439703855	0.0078292915	-0.0883130871	-0.033980850099999994	0.053246030300000004	-0.013841572	0.0372054264	-0.0897371047	0.0825054313	0.0293748608	-0.08735958490000001	-0.0951137541	-0.0623767484	-0.0263826969	0.08691864279999999	-0.007592360500000002	-0.0508357313	0.07448779929999999	0.0735790108	0.0643810236	0.0244511296	-0.1345010639	-0.032804288	0.1246861432	0.0494688478	0.0143768582	-0.0123361857	0.034433328	0.07412663679999999	-0.1578903198	-0.0515688775	-0.0621804526	0.0108433569	-0.1086344406	-0.0370715803	0.0131878784	-0.10016457449999999	0.0778914249	0.0378411062	-0.014400381799999999	-0.062002536799999994	-0.0896294983	-0.0883807611	-0.0586586275	-0.0100385988	0.0418155387	-0.101737	0.060788000000000016	0.010350417169	0.0036951809440000007	-0.037166000000000005	0.0175738	0.00030883844644	0.0013813115560000002	-0.220354	0.07788699999999997	0.0060663847689999975	0.048555885316000004	0.000756327	-0.0016047129999999998	5.72030530929e-07	2.5751038123689997e-06	0.00197057	-0.00012091000000000013	1.4619228100000026e-08	3.8831461249e-06	-0.00306156	0.0009650699999999996	9.3731496336e-06	9.313601048999996e-07	0.0	0.0	0.0	0.0	0.0	0.0	0.0	0.0	0.0	0.0	0.0	0.0	0.0	0.0	0.0	0.0	0.0	0.0	0.0	0.0	0.0	0.0	0.0	0.0	0.0	0.0	0.0	0.0	0.0	0.0	0.0	0.0	0.0	0.0	0.0	0.0	0.0	0.0	0.0	0.0	0.0	0.0	0.0	0.0	0.0	0.0	0.0	0.0	0.0	0.0	0.0	0.0	0.0	0.0	0.0	0.0	0.0	0.0	0.0	0.0	0.0	0.0	0.0	0.0	0.0	0.0	0.0	0.0	0.0	0.0	0.0	0.0	0.0	0.0	0.0	0.0	0.0	0.0	0.0	0.0	0.0	0.0	0.0	0.0	0.0	0.0	0.0	0.0	0.0
339.10376589068716	6.969288228992922	114991.36404124595	48.57097841877932	238.4452951868433	0.9067279616761256	56856.15879674084	0.8221555964853412	230.01459415922957	0.4587268940225897	0.21043036329961226	52906.713526235086	1.104019	51.595383	0.61537475	0.0037116273	-0.0979588968	0.0247459002	-0.0216515718	-0.0362436026	0.0688614164	0.0090336513	0.029809471299999998	-0.0917920085	0.0022548779	-0.0182511983	-0.0362578846	-0.0345916705	0.0317810171	-0.0678315528	0.020720556299999998	0.0199606622	-0.0905643465	0.0634464044	-0.015363578300000003	-0.0462020349	-0.006629715400000001	0.0140624804	-0.0084619692	0.0205423204	-0.0170248032	0.0227730927	-0.0298020129	-0.0366041263	0.0652900588	-0.0341609235	0.1120071557	0.0619744849	0.0030458444	0.0361912693	0.0744209021	0.0625306198	-0.017396918100000002	0.0376633305	0.0426055458	-0.0672339228	-0.0034319996	0.051198136500000005	-0.0705282899	-0.0314138814	0.0533759492	0.0260038156	-0.0666749207	0.084677675	-0.08605993349999999	0.0178535496	0.0470711896	-0.0314830427	0.0374113471	-0.0574869768	0.0585324308	-0.018370121200000002	0.0481712251	-0.023813344900000002	0.0165833252	0.036008034700000004	0.0297628232	-0.0326980655	-0.0384288692	-0.0300389904	-0.040528191899999996	0.1063043326	-0.042308476399999996	0.0356901486	0.0536814796	0.0066794025	0.033528175800000004	-0.0687532571	0.052203158	-0.0450169462	0.0053120331	-0.0464545341	-0.0050510876	0.1383655482	-0.0376427622	-0.0154781025	0.1191053366	-0.0042847194	0.092163034	0.1030176349	0.0509864226	0.0509170593	0.0443703504	-0.0370070531	0.0285259715	0.07899748059999999	0.1284571619	-0.0846034294	-0.014163570700000001	-0.104345256	0.055719490499999996	-0.007909437	-0.0012509511	0.0554635366	-0.0565237646	0.057766708300000004	0.020135602199999998	0.006618000799999999	0.0772000154	0.0355312647	-0.0181136817	-0.06565321639999999	-0.09106362720000001	-0.0857800611	-0.051583401200000004	-0.0	0.051583401200000004	-0.0384616	0.0632754	0.0014792946745599998	0.00400377624516	-0.2099	-0.172734	0.029837034756	0.04405801	-0.0256967	0.19465729999999998	0.03789146444329	0.00066032039089	0.000209537	-0.00054679	4.3905754369e-08	2.9897930410000003e-07	0.000691619	-0.001278951	1.635715660401e-06	4.78336841161e-07	-0.00119314	0.00186842	1.4235830596e-06	3.4909932964e-06	0.0	0.0	0.0	0.0	0.0	0.0	0.0	0.0	0.0	0.0	0.0	0.0	0.0	0.0	1.0	0.0	0.0	0.0	0.0	0.0	0.0	0.0	0.0	0.0	0.0	0.0	0.0	0.0	0.0	0.0	0.0	0.0	0.0	0.0	0.0	0.0	0.0	0.0	0.0	0.0	0.0	0.0	0.0	0.0	0.0	0.0	0.0	0.0	0.0	0.0	0.0	0.0	0.0	0.0	0.0	0.0	0.0	0.0	0.0	0.0	0.0	0.0	0.0	0.0	0.0	0.0	0.0	0.0	0.0	0.0	0.0	0.0	0.0	0.0	0.0	0.0	0.0	0.0	0.0	0.0	0.0	0.0	0.0	0.0	0.0	0.0	0.0	0.0	0.0
333.7912035228865	-5.312562367800638	111416.56754925703	28.22331891177152	238.08032725344216	-0.3649679334011465	56682.242225106114	0.1332015924111038	229.5848008947226	-0.4297932645069693	0.1847222502155577	52709.180801869414	1.163857	54.391842	0.3651232	-0.0982055406	0.054740358499999996	0.07806564860000001	0.0631441493	-0.0631649216	0.0163114896	0.0062536136	0.0398872531	0.1069820216	-0.0034173133	0.08390534820000001	0.0098251091	-0.016279316999999998	-0.0141135143	0.014604011299999999	-0.0686166804	0.0565743207	-0.0821126339	-0.0568459272	-0.0204666433	-0.025997579399999998	0.0446994125	-0.060361114800000004	0.1193005847	0.0571423352	0.0603035919	0.0356115687	0.0104286775	-0.031865242599999996	-0.0562494699	0.017058693	0.0486848206	0.0270127231	-0.0353114777	0.0037163879999999997	0.024443148999999997	0.0184568317	0.039524227099999996	-0.0070849231	-0.040644279500000005	0.0163544102	-0.1004984987	-0.1193499812	-0.0635276037	0.0498357117	-0.13077982929999998	0.0354307659	0.10996497029999999	-0.0020899905	0.0415103608	-0.0493707086	0.0793517614	-0.005410776700000001	0.06642544709999999	-0.0216147438	-0.0185439916	-0.052976600199999994	-0.0686848025	0.0721021412	0.0462377902	-0.0495038035	-0.010489428899999998	0.045654449900000005	-0.0236419207	0.0233674525	-0.0574812292	0.0963627905	0.0819182576	-0.0292234131	-0.0426009314	0.0426331287	-0.1251208109	0.0205114981	0.0053689646	-0.0019150223	-0.0124584733	0.0560491516	-0.0187363394	-0.0197200417	-0.0179903927	-0.0314193211	0.0663264946	-0.0173262544	-0.0626866719	-0.0707560388	0.0192569616	-0.0801738554	0.0102605734	0.0374210946	-0.1000911015	0.0017831852	-0.1302662752	0.0275715767	-0.1601327797	0.0112038928	-0.0258332821	0.0961909442	0.0863269781	0.047346132	-0.0589019088	-0.0026181639	0.0356894558	-0.1032347296	0.0764944501	0.0331953636	-0.021797092400000002	-0.0691113238	-0.09208046130000001	-0.08261341679999999	-0.044045043	0.0100385988	0.0605860527	-0.0475459	-0.009084300000000005	0.0022606126068099998	8.252450649000006e-05	-0.133632	0.07626799999999999	0.005816807824	0.017857511424	0.18547	0.2111667	0.04459137518889	0.0343991209	-0.000750055	-0.000959592	5.62582503025e-07	9.208168064639999e-07	0.00033543699999999995	-0.00035618199999999997	1.2686561712400002e-07	1.1251798096899996e-07	-0.00124945	-5.6309999999999954e-05	1.5611253025e-06	3.1708160999999942e-09	0.0	0.0	0.0	0.0	0.0	0.0	0.0	0.0	0.0	0.0	0.0	0.0	0.0	0.0	0.0	0.0	0.0	0.0	0.0	0.0	0.0	0.0	0.0	0.0	0.0	0.0	0.0	0.0	0.0	0.0	0.0	0.0	0.0	0.0	0.0	0.0	0.0	0.0	0.0	0.0	0.0	0.0	0.0	0.0	0.0	0.0	0.0	0.0	0.0	0.0	0.0	0.0	0.0	0.0	0.0	0.0	0.0	0.0	0.0	0.0	0.0	0.0	0.0	0.0	0.0	0.0	0.0	0.0	0.0	0.0	0.0	0.0	0.0	0.0	0.0	0.0	0.0	0.0	0.0	0.0	0.0	0.0	0.0	0.0	0.0	0.0	0.0	0.0	0.0
331.53576688667937	-2.2554366362071505	109915.96472513859	5.086994419945426	237.6306005654813	-0.4497266879608617	56468.302325111326	0.20225409386424625	228.40962473762687	-1.1751761570957342	1.3810390002062978	52170.956672783526	1.026638	47.979038	0.2438645	-0.0642759685	0.006186409300000001	-0.0739154393	0.0295639772	-0.042725762599999995	-0.0764171614	0.042960476399999996	-0.015776953700000002	0.032285704	-0.0566469271	0.0220813683	-0.038000059100000004	-0.0480568394	0.0039007485999999997	0.023704423999999998	0.0116885436	0.0240521283	0.0696253911	-0.018766987	-0.0677362375	-0.0803744894	0.0373588892	0.0196263522	0.051246512599999995	-0.0398010801	0.0975242883	0.1415648978	0.0284283591	-0.022185114500000002	0.0414750497	0.0689919965	0.0073116872	-0.0642763154	0.0447625396	0.0384663057	0.066720568	0.0391464194	0.056544308700000004	0.0461085207	-0.0376669832	0.060170952699999995	0.0198939307	0.115865281	0.0667451317	0.0248546955	0.0390373876	-0.0782641226	0.0359393002	0.0347564135	0.0868032373	0.0073916601	-0.0295912746	-0.0056805226	0.045428540499999996	0.0642316191	-0.0634636059	-0.011779960400000001	-0.0314595471	-0.018975519099999998	0.05749581240000001	0.0361783246	0.008642495600000001	-0.0303792116	-0.0077581179	0.07632286370000001	-0.030439646299999998	-0.0666305566	0.022836624	0.0338006064	0.1535542266	-0.017359838500000002	-0.0736715377	0.0493003005	0.0288218914	-0.0267556606	0.0527240487	0.0105551091	-0.0846851182	-0.0622781927	-0.1007323117	-0.031182649500000006	-0.0724371972	-0.054012210899999996	-0.012733798700000002	-0.07238869740000001	0.052855720999999994	-0.010955373300000001	0.0156970847	0.1484402617	-0.0197804824	-0.1791823383	0.0662447702	-0.0661605872	0.08990955029999999	0.0326954406	0.0587897028	-0.0453319358	-0.006686821	-0.0988058324	-0.0308490726	-0.0576470137	0.0323469731	-0.0783176978	0.0757748583	0.030835116099999997	-0.025444536	-0.0723667158	-0.0926753413	-0.0789017205	-0.0361112347	0.0199595043	0.068689944	-0.121778	-0.07423210000000001	0.014829881284	0.005510404670409999	-0.162022	-0.02839	0.0008059920999999999	0.026251128484000002	0.123666	-0.06180399999999999	0.0038197344159999974	0.015293279556000003	-0.00053317	0.000216885	2.842702489e-07	4.7039103225e-08	0.00131179	0.000976353	9.53265180609e-07	1.7207930040999996e-06	-0.00164498	-0.0003955300000000001	2.7059592004e-06	1.5644398090000004e-07	0.0	0.0	0.0	0.0	0.0	0.0	0.0	0.0	0.0	0.0	0.0	0.0	0.0	0.0	0.0	0.0	0.0	0.0	0.0	0.0	0.0	0.0	0.0	0.0	0.0	0.0	0.0	0.0	0.0	0.0	0.0	0.0	0.0	0.0	0.0	0.0	0.0	0.0	0.0	0.0	0.0	0.0	0.0	0.0	0.0	0.0	0.0	0.0	0.0	0.0	0.0	0.0	0.0	0.0	0.0	0.0	0.0	0.0	0.0	0.0	0.0	0.0	0.0	0.0	0.0	0.0	0.0	0.0	0.0	0.0	0.0	0.0	0.0	0.0	0.0	0.0	0.0	0.0	0.0	0.0	0.0	0.0	0.0	0.0	0.0	0.0	0.0	0.0	0.0
333.2731258229142	1.7373589362348412	111070.976395776	3.0184160733150587	237.53167602974315	-0.0989245357381492	56421.297117498856	0.009786063771008355	228.64447281299869	0.23484807537181496	0.05515361850584568	52278.294947934104	0.984796	46.023575	0.1890828	-0.0427531105	-0.0850032731	0.0390423648	-0.0817241031	-0.0283054337	0.0090947552	0.027265732200000004	0.062080017	0.033718159500000004	0.055280442699999995	-0.0510543683	-0.06112899030000001	-0.0215315128	0.007246296700000002	0.0264376137	-0.0502824796	0.11424911230000001	0.0062067642	-0.09240522570000001	0.045872927800000005	0.12122953300000001	-0.0691236962	-0.0442147839	0.0010700705	-0.060587446100000004	0.0767574468	0.0023407801000000002	0.014650638	0.0804387594	-0.0283933298	-0.0016762598	0.0613983804	0.021847526800000003	0.0434189922	0.0979825729	-0.0676532618	-0.07595676330000001	-0.027410737	-0.0063425451	0.0898731211	-0.011613699299999999	0.026854467799999997	-0.0261533905	0.1485835564	0.0366626264	-0.0519057835	0.0035812293	0.0135576077	0.0166757296	-0.0373758573	-0.1332628859	-0.0389891839	-0.0246480339	0.018086681299999997	-0.00013903290000000002	-0.0022491253	-0.0758931805	0.0023011755	0.0166405598	-0.0021632865	0.0889285178	-0.0276313127	0.0014686057999999998	-0.0300358215	0.06330487309999999	-0.0804351375	0.0018389929	-0.0533422389	-0.0159368101	-0.091498958	0.0301440491	0.012290138300000001	0.052990058	0.08277688150000001	-0.05876831480000001	0.0444253359	0.08718569960000001	0.0620007331	-0.0643498034	-0.0327043452	0.005914770799999999	-0.0524017772	-0.09426918320000001	-0.0572080192	0.0251412269	0.026272611600000002	-0.0280473756	-0.1045401916	0.0496021475	0.010978146599999999	0.11148504449999999	-0.0705300213	0.0034859306	0.0024451926	-0.0352858638	0.0248368245	0.0520884249	0.0097363977	-0.046010858700000004	0.1206603448	-0.0069279629	-0.030274968500000006	0.007213658299999998	0.0750413721	0.0284522534	-0.0290499939	-0.0754098437	-0.0928455409	-0.07466946049999999	-0.0278532085	0.0296464028	0.0757748583	-0.116878	0.0049000000000000024	0.013660466884000001	2.4010000000000016e-05	-0.08201939999999999	0.08000260000000001	0.0064004160067600005	0.006727181976359999	0.0674547	-0.056211300000000006	0.0031597102476900005	0.004550136552090001	-0.000222502	0.000310668	4.950714000400001e-08	9.6514606224e-08	0.00110706	-0.00020473	4.191437289999999e-08	1.2255818436e-06	-0.001201	0.0004439800000000001	1.4424010000000002e-06	1.9711824040000006e-07	0.0	0.0	0.0	0.0	0.0	0.0	0.0	0.0	0.0	0.0	0.0	0.0	0.0	0.0	0.0	0.0	0.0	0.0	0.0	0.0	0.0	0.0	0.0	0.0	0.0	0.0	0.0	0.0	0.0	0.0	0.0	0.0	0.0	0.0	0.0	0.0	0.0	0.0	0.0	0.0	0.0	0.0	0.0	0.0	0.0	0.0	0.0	0.0	0.0	0.0	0.0	0.0	0.0	0.0	0.0	0.0	0.0	0.0	0.0	0.0	0.0	0.0	0.0	0.0	0.0	0.0	0.0	0.0	0.0	0.0	0.0	0.0	0.0	0.0	0.0	0.0	0.0	0.0	0.0	0.0	0.0	0.0	0.0	0.0	0.0	0.0	0.0	0.0	0.0
337.27947001006567	4.006344187151456	113757.44089027078	16.050793745922256	237.8690595204054	0.3373834906622335	56581.689477122156	0.1138276197714334	229.8564713707649	1.2119985577662362	1.4689405040274366	52833.99743101928	1.007248	47.072857	0.2154071	-0.0339920058	-0.0370490602	0.036855421299999996	0.0024687038	-0.023026517799999997	0.042615075599999996	0.0307179071	0.07855645950000001	-0.030874423999999998	0.0227873288	0.0460527663	-0.0336397628	0.002468792	-0.005268915600000001	-0.0324498095	0.0660382303	0.0363283377	0.0914034197	0.0165515156	0.005172728	0.0536868084	0.1513944861	-0.042209324900000005	-0.05254288519999999	0.019792144299999998	0.0336966078	-0.0906855945	-0.0707016536	0.0684041563	0.10944083130000001	-0.054412191799999995	-0.0286132456	0.0340931095	-0.010763044199999999	0.0826232328	-0.0996089994	-0.0513926479	-0.0643391153	0.021300615	-0.0640270723	-0.0554583125	0.008792117700000001	0.1300525708	-0.0992935952	-0.0682553521	-0.0718451454	-0.0290642582	-0.007749526800000002	0.0623393342	-0.026209378	-0.0108310079	0.0812641517	-0.0194659602	0.0148536028	-0.033956721	0.030403040099999997	-0.09239403619999999	0.018713551999999998	0.027927449	0.0288794316	0.0342547338	0.025292321	0.0215601952	0.011869401000000002	0.0499361228	0.0064260017000000004	-0.0739414149	-0.0483794308	-0.0171722717	-0.011663876799999999	-0.1562801345	-0.018915988600000003	-0.0729311941	-0.019599276699999998	-0.048049704699999994	0.0118959697	-0.0788397289	0.101731222	-0.0705344649	-0.0321817692	0.0324691951	-0.1148701981	0.1416234915	0.0823100008	0.0650157376	-0.0170983732	-0.0585787799	0.029717315299999998	-0.035533601899999996	-0.0035491985999999997	-0.1734015477	0.0637717344	-0.00796629	-0.09242009699999999	-0.13131503630000002	-0.0490064079	0.0700802875	0.023596902200000002	0.0934613299	0.043396845999999996	0.0073582271	-0.0463201963	0.0409262555	0.0742941259	0.0260485229	-0.0326075169	-0.07823178160000001	-0.09259028039999999	-0.0699445598	-0.0193451075	0.0389857244	0.08173569509999999	-0.132258	-0.015379999999999991	0.017492178563999997	0.00023654439999999967	-0.08210249999999998	-8.309999999998874e-05	6.905609999998129e-09	0.006740820506249997	0.08103760000000003	0.013582900000000007	0.00018449517241000025	0.006567092613760002	0.00111821	0.0013407120000000002	1.2503936041e-06	1.7975086669439998e-06	0.00210731	0.0010002499999999998	1.0005000624999995e-06	4.4407554361e-06	-0.00258726	-0.00138626	6.693914307600002e-06	1.9217167876e-06	0.0	0.0	0.0	0.0	0.0	0.0	0.0	0.0	0.0	0.0	0.0	0.0	0.0	0.0	0.0	0.0	0.0	0.0	0.0	0.0	0.0	0.0	0.0	0.0	0.0	0.0	0.0	0.0	0.0	0.0	0.0	0.0	0.0	0.0	0.0	0.0	0.0	0.0	0.0	0.0	0.0	0.0	0.0	0.0	0.0	0.0	0.0	0.0	0.0	0.0	0.0	0.0	0.0	0.0	0.0	0.0	0.0	0.0	0.0	0.0	0.0	0.0	0.0	0.0	0.0	0.0	0.0	0.0	0.0	0.0	0.0	0.0	0.0	0.0	0.0	0.0	0.0	0.0	0.0	0.0	0.0	0.0	0.0	0.0	0.0	0.0	0.0	0.0	0.0
334.89450610823206	-2.3849639018336006	112154.33022147667	5.688052813049352	237.98294610954648	0.11388658914108872	56635.882638979296	0.01297015518619115	229.28464278088867	-0.5718285898762474	0.32698793619985755	52571.447415159724	1.03536	48.386673	0.4388152	0.0011644145	0.0906853584	-0.0414429695	0.050874797400000005	0.0078652119	-0.0501631583	-0.0271920998	0.0124187066	-0.018385891499999998	-0.028444964700000002	0.128757174	0.046689099299999995	-0.0031894721999999997	-0.00437988	-0.02306635	0.010122994	0.066744253	0.0550357129	0.09839420230000001	-0.0204515991	0.0359346642	-0.0319629054	0.0656034094	-0.021213989500000002	0.0065815219	0.021530312700000002	0.034349776299999996	-0.0680118093	-0.1299889052	0.043917983099999995	-0.0099805357	-0.0033720315000000003	0.1326613585	0.072332653	0.0876001265	0.0117474611	-0.0132462102	0.0138712791	0.013644433899999999	-0.0112171519	0.05668852570000001	0.12963051150000002	-0.0021228733	-0.0407983909	-0.0545469872	-0.0548572349	-0.059870295	0.0188421395	-0.0067283735999999995	0.0628977787	0.1116569401	0.0474472453	0.0089482477	-0.0096312218	0.056492593099999995	0.0268457843	-0.0045931609000000005	-0.0003022671	0.047407415999999994	0.08521758060000001	-0.0998019553	0.0116932173	0.0585178233	-0.0349979084	0.06554413070000001	0.040916262599999996	-0.0442747071	-0.0547719255	-0.0177329608	-0.0125167192	0.034435787999999995	0.0921051865	0.009768022	0.0514310724	-0.0050852887	-0.028430547400000002	-0.036871648	0.1247039051	-0.08677697849999999	0.1835841704	-0.1848024291	0.026934074900000004	0.042692709599999996	0.0170238066	0.014884413899999999	0.0347100561	-0.0692667742	0.0640747344	-0.0669583568	0.015067137	-0.0113048049	0.10516525730000001	-0.0236769098	0.0394617844	-0.0683293171	0.06249106860000001	-0.0220150519	-0.1571106683	0.0390985531	-0.0377393584	-0.0228094814	0.021966521699999998	0.0419730929	0.0735332567	0.023625687700000002	-0.0361112347	-0.0808242521	-0.0919107295	-0.0647581913	-0.0106633201	0.0478679739	0.0864840284	-0.11559	0.016667999999999975	0.013361048100000005	0.0002778222239999992	0.0365727	0.11867519999999998	0.014083803095039997	0.00133756238529	0.015429	-0.06560860000000003	0.004304488393960002	0.000238054041	-0.00130237	-0.00242058	1.6961676168999996e-06	5.8592075363999986e-06	0.0007360019999999999	-0.001371308	1.8804856308639999e-06	5.416989440039999e-07	-0.00162188	0.00096538	2.6304947344e-06	9.319585444e-07	0.0	0.0	0.0	0.0	0.0	0.0	0.0	0.0	0.0	0.0	0.0	0.0	0.0	0.0	0.0	0.0	0.0	0.0	0.0	0.0	0.0	0.0	0.0	0.0	0.0	0.0	0.0	0.0	0.0	0.0	0.0	0.0	0.0	0.0	0.0	0.0	0.0	0.0	0.0	0.0	0.0	0.0	0.0	0.0	0.0	0.0	0.0	0.0	0.0	0.0	0.0	0.0	0.0	0.0	0.0	0.0	0.0	0.0	0.0	0.0	0.0	0.0	0.0	0.0	0.0	0.0	0.0	0.0	0.0	0.0	0.0	0.0	0.0	0.0	0.0	0.0	0.0	0.0	0.0	0.0	0.0	0.0	0.0	0.0	0.0	0.0	0.0	0.0	0.0
336.6097230954276	1.7152169871955607	113306.10568238047	2.941969313164216	239.0147477935913	1.0318016840448363	57128.04966283406	1.0646147151977607	230.63231175364757	1.3476689727588962	1.8162116601370184	53191.26322483168	0.988827	46.21199	0.11870635	-0.0181403019	-0.0108408005	-0.0501165929	-0.08891507550000001	-0.0518280495	-0.0631694882	-0.0211350742	-0.0157025112	-0.0178996576	0.0938970692	-0.0263845911	0.0026247205	-0.0524829616	-0.0463733453	0.04849707809999999	0.0249811263	0.0157327569	-0.057349120499999996	0.0960070301	0.02198258	0.0329687151	-0.0225967692	-0.011410395600000001	0.0301389348	-0.0260676267	0.06367660530000001	-0.05971105030000001	0.0713910336	0.0607398281	-0.0020009675	-0.0241434388	-0.008791838100000001	-0.0028812636	0.1212758175	0.0809697867	-0.0898928642	-0.0030560588000000002	0.015355509	0.035248100899999996	-0.0263144263	-0.19581166739999997	0.0425800659	-0.0627385619	0.061116576299999996	-0.0840916807	0.042822709400000006	-0.0243113335	0.013345378	0.0248851213	-0.033582627000000004	-0.024639252099999998	-0.10069107880000001	-0.0003604301	0.0572082793	0.0667931024	0.022171231800000003	0.024421319500000004	0.054483835	0.0718778487	-0.0396913567	0.0465958996	0.0039388842	0.0491824687	0.0412567109	0.0095200246	0.0781204908	0.0707172949	-0.087140356	0.0106112098	0.0163016993	-0.026611441099999997	-0.0540708009	0.07542153900000001	-0.022639898500000002	0.0017164826	0.0772825793	-0.0178215328	0.0669940983	-0.0212482421	0.060395146799999994	-0.025918706099999998	0.060102282800000004	-0.0096120946	-0.11761618789999999	-0.0118896153	0.0019103910999999998	0.0819877883	-0.10234370949999999	0.0848859475	0.0211324384	0.091317922	0.0975774868	-0.008321275	0.1096246624	-0.1661487965	-0.05642964530000001	0.0266868715	0.037504043199999997	-0.0925817986	-0.061128462599999996	0.0416630646	-0.0088313239	0.0363603161	0.07275890410000001	0.0211855248	-0.0395553658	-0.0831796512	-0.09081000199999999	-0.0591445729	-0.0018857942000000002	0.056189015300000006	0.08994941960000001	-0.0529429	0.06264710000000001	0.0028029506604099995	0.003924659138410003	0.0299726	-0.006600100000000001	4.356132001000002e-05	0.00089835675076	-0.0186202	-0.034049199999999995	0.0011593480206400003	0.00034671184804	-0.0011936500000000005	0.00010871999999999943	1.4248003225000014e-06	1.1820038399999878e-08	0.0005390330000000001	-0.00019696899999999983	3.879678696099994e-08	2.9055657508900013e-07	-0.00162439	-2.510000000000056e-06	2.6386428721000004e-06	6.3001000000002785e-12	0.0	0.0	0.0	0.0	0.0	0.0	0.0	0.0	0.0	0.0	0.0	0.0	0.0	0.0	0.0	0.0	0.0	0.0	0.0	0.0	0.0	0.0	0.0	0.0	0.0	0.0	0.0	0.0	0.0	0.0	0.0	0.0	0.0	0.0	0.0	0.0	0.0	0.0	0.0	0.0	0.0	0.0	0.0	0.0	0.0	0.0	0.0	0.0	0.0	0.0	0.0	0.0	0.0	0.0	0.0	0.0	0.0	0.0	0.0	0.0	0.0	0.0	0.0	0.0	0.0	0.0	0.0	0.0	0.0	0.0	0.0	0.0	0.0	0.0	0.0	0.0	0.0	0.0	0.0	0.0	0.0	0.0	0.0	0.0	0.0	0.0	0.0	0.0	0.0
334.6696994641616	-1.9400236312660013	112003.80773943226	3.7636916898705217	238.08641234612045	-0.9283354474708574	56685.13974384691	0.861806703030917	229.1644884647812	-1.4678232888663842	2.154505207338529	52516.362773324836	0.963452	45.026089	0.35125375	0.0190771349	-0.081289286	0.0383216452	-0.0070758035	-0.005777940600000001	0.053373751399999995	0.0162426066	0.0285220084	-0.0401065872	0.0210806535	-0.0499473301	0.0199122641	-0.0268153521	-0.0140532275	-0.0407490487	-0.0228915242	0.0126924574	-0.06366006099999999	-0.0289349388	0.0248840234	0.018894322800000002	-0.028286345600000002	0.0046544472	0.10382479550000001	0.0789206433	-0.0848656408	0.059158858099999996	0.0035217291	0.0484218583	-0.1297180348	0.129383349	0.054468964	-0.11807956550000001	-0.021222735299999997	-0.0171423035	0.0327685457	0.1081056758	-0.0462297257	0.0923155926	0.005570881800000001	-0.0284073569	0.0815683985	-0.0116158176	0.0475530608	0.04427289190000002	-0.038128899	-0.1086583585	-0.0411876724	0.0097136746	-0.0423092669	-0.050656294299999995	0.012779239099999999	0.0046251543	0.0090341585	-0.0507183338	0.034562145499999995	-0.0181269174	0.036795663900000004	-0.0195963368	-0.0346707706	0.0149150446	0.0634722587	-0.0005824628	-0.0162346764	0.0007574903	-0.0409926011	0.0851647295	-0.0415505501	0.0107103677	-0.0314695803	0.1639115817	-0.1238455094	0.0155953438	-0.022602845400000002	-0.0643751942	-0.0837953615	0.09352708400000001	-0.09718215529999999	-0.0348290496	-0.08989717289999999	-0.0620016521	-0.0428584258	0.0658690033	0.020093490500000002	-0.0620736199	0.0117355175	-0.11766711140000001	0.0969405292	0.09037852390000001	-0.0660461084	0.0259554444	0.0985149634	-0.0618822371	-0.0916300586	0.0763058275	0.0325815468	-0.0591149138	0.002595725	-0.2607112456	0.0717316485	-0.0355705007	-0.061839283499999995	0.11574124470000001	0.07197121	0.018729823899999998	-0.042934227199999994	-0.08529107009999999	-0.08929314220000001	-0.053140741	0.006908663000000001	0.0638512918	0.09208046130000001	-0.0610961	-0.008153200000000006	0.00373273343521	6.64746702400001e-05	-0.162439	-0.1924116	0.03702222381456	0.026386428721	-0.0537799	-0.035159699999999995	0.00123620450409	0.0028922776440100007	0.000679549	0.0018731990000000003	4.61786843401e-07	3.5088744936010017e-06	0.0008088689999999999	0.00026983599999999986	7.281146689599992e-08	6.542690591609999e-07	-0.0017919399999999997	-0.00016754999999999957	3.211048963599999e-06	2.8073002499999863e-08	0.0	0.0	0.0	0.0	0.0	0.0	0.0	0.0	0.0	0.0	0.0	0.0	0.0	0.0	0.0	0.0	0.0	0.0	0.0	0.0	0.0	0.0	0.0	0.0	0.0	0.0	0.0	0.0	0.0	0.0	0.0	0.0	0.0	0.0	0.0	0.0	0.0	0.0	0.0	0.0	0.0	0.0	0.0	0.0	0.0	0.0	0.0	0.0	0.0	0.0	0.0	0.0	0.0	0.0	0.0	0.0	0.0	0.0	0.0	0.0	0.0	0.0	0.0	0.0	0.0	0.0	0.0	0.0	0.0	0.0	0.0	0.0	0.0	0.0	0.0	0.0	0.0	0.0	0.0	0.0	0.0	0.0	0.0	0.0	0.0	0.0	0.0	0.0	0.0
334.7137324619677	0.044032997806084495	112033.2826986217	0.0019389048957906422	237.66780908856282	-0.4186032575576348	56485.98747695754	0.17522868723786356	228.99370974174855	-0.1707787230326403	0.029165372240659262	52438.11910128818	1.113679	52.046803	0.30563090000000004	-0.0560323936	0.0195820937	0.07187585120000001	0.072416199	-0.0189985259	0.0586217424	0.0223484335	0.053042556799999994	0.0411762766	-0.059054476200000004	0.0539210359	0.0052538541	0.0302486598	0.0295989282	0.0023625415	0.052303221	-0.0044078028	-0.0786153363	-0.053607441900000004	0.0164345701	-0.024582876099999998	0.08096083230000001	-0.0504579541	0.0976417017	0.0180826086	-5.0334e-06	-0.043430957199999995	0.06536411290000001	-0.027897451400000002	-0.1336245759	-0.059519417699999994	-0.07835174240000001	-0.016372791499999997	-0.0788345678	0.045597297099999996	-0.04942748860000002	0.026054093599999998	0.0650246865	0.0678105276	0.006447581500000001	0.0437861943	-0.0096726343	0.0051234802	-0.0253371592	0.0028210632	0.0340055759	0.12473910619999999	0.0543315602	0.0063271761	0.0118340083	-0.0160160459	0.0991756964	-0.017394693500000002	0.0174914807	-0.06008108	-0.0013371171	-0.0625333176	-0.043117345099999996	-0.0247887435	0.0561447022	-0.051490133099999995	0.008384371	-0.027196571800000003	0.052526885999999995	-0.0633706882	-0.023835611200000002	0.053644492099999996	0.0204350249	0.0202287018	0.0335279714	-0.0370496278	-0.1336021655	0.0401148849	-0.0090591315	0.060143089000000004	-0.0381957496	0.0650661824	-0.038357175699999996	-0.0960079164	0.0519169845	0.0021360842	0.11809282759999999	-0.0181113799	0.0392244147	0.0337601648	-0.10642445460000001	0.0801665825	0.0017893916	-0.09736989759999999	-0.0144080087	-0.033906455099999996	-0.1102437162	-0.0151009555	0.004234842700000001	-0.0166644452	-0.1345554633	-0.021088317599999996	0.0943337397	0.0022533555	-0.048380880599999995	-0.0447386457	-0.0281092706	-0.0223731224	0.0711703189	0.016260386	-0.0462422434	-0.08715231550000001	-0.0873671009	-0.0467863066	0.0156410921	0.07076497030000001	0.0928455409	-0.134898	-0.07380189999999999	0.018197470404	0.005446720443609998	-0.246811	-0.084372	0.0071186343840000015	0.060915669721	0.0513486	0.10512850000000001	0.01105200151225	0.00263667872196	0.00055378	-0.00012576899999999994	3.0667228840000005e-07	1.5817841360999988e-08	0.00132584	0.0005169710000000001	2.672590148410001e-07	1.7578517056e-06	-0.00158811	0.00020382999999999968	2.5220933721e-06	4.154666889999987e-08	0.0	0.0	0.0	0.0	0.0	0.0	0.0	0.0	0.0	0.0	0.0	0.0	0.0	0.0	0.0	0.0	0.0	0.0	0.0	0.0	0.0	0.0	0.0	0.0	0.0	0.0	0.0	0.0	0.0	0.0	0.0	0.0	0.0	0.0	0.0	0.0	0.0	0.0	0.0	0.0	0.0	0.0	0.0	0.0	0.0	0.0	0.0	0.0	0.0	0.0	0.0	0.0	0.0	0.0	0.0	0.0	0.0	0.0	0.0	0.0	0.0	0.0	0.0	0.0	0.0	0.0	0.0	0.0	0.0	0.0	0.0	0.0	0.0	0.0	0.0	0.0	0.0	0.0	0.0	0.0	0.0	0.0	0.0	0.0	0.0	0.0	0.0	0.0	0.0
334.84511011710333	0.13137765513562272	112121.24776933504	0.017260088268934614	237.88129851941105	0.21348943084822736	56587.51218528115	0.04557773708390005	228.8482602728366	-0.14544946891194854	0.021155548006767885	52371.52622990397	1.022895	47.804092	0.15937054	-0.0392049461	0.06335920469999999	-0.0339845581	0.0757903197	-0.024748577400000003	-0.034892376	0.005329584599999999	-0.029536025299999998	0.0346148889	-0.07152545540000001	0.0682502368	-0.022966480299999998	0.0454521605	0.027495807	0.013849814399999999	0.0563986252	-0.0017778235999999995	0.0080416384	-0.034723180299999996	-0.0604161645	-0.08469440630000001	-0.0051024324	-0.124143487	-0.0223655317	0.08962743699999999	0.0356943761	0.054455719699999995	0.0209353301	-0.0048647064	-0.1006272882	-0.0446612791	0.0335654827	0.0536380184	-0.1096971865	-0.1108687617	-0.10168888300000001	0.055335347699999995	-0.0447835135	0.0345630965	0.0067480366	0.043822945	-0.0242473006	0.0067813087	0.1134681907	-0.10202130539999996	-0.0070317977	-0.0084915702	0.04680331099999999	0.0157522259	0.065712377	0.073642637	0.028825594	-0.0001482138	0.0291881104	0.0255192077	-0.0560379183	0.0074317774	-0.067565849	-0.0017615295000000001	0.06822113169999999	-0.0359012561	-0.028026751000000003	-0.0050141893	0.021450481	-0.0172179891	-0.0358416433	-0.0345104763	0.053446052300000005	0.0686229887	0.0458814346	-0.0449719713	-0.0923417499	-0.0539572498	0.1026480213	0.0249732054	-0.054588070700000005	-0.0383061142	-0.0623423584	0.049881037999999996	-0.1024206148	0.0231031323	-0.0534675566	0.0177415857	0.1149288947	0.0283812315	-0.1369153425	0.0673457958	0.0678979542	0.0215659052	-0.0165989229	0.0687580569	-0.1137117875	0.0180954231	-0.0534803119	-0.016409831200000002	-0.0751511772	0.11517272640000001	-0.0390022469	-0.0389756353	-0.048085522199999994	-0.1468543667	0.0159023119	0.1074379461	0.0703563777	0.0137790222	-0.0494739559	-0.0887579282	-0.08504070400000001	-0.0401231939	0.0242330906	0.07684899419999999	0.09223330880000001	-0.131501	0.003396999999999984	0.017292513001	1.1539608999999887e-05	-0.182694	0.06411700000000001	0.004110989689000001	0.033377097636000004	0.00132446	-0.05002414	0.0025024145827396	1.7541942915999996e-06	0.000151672	-0.000402108	2.3004395584e-08	1.6169084366400006e-07	0.00101017	-0.00031567000000000015	9.964754890000008e-08	1.0204434288999998e-06	-0.00170698	-0.00011887000000000007	2.9137807204e-06	1.4130076900000021e-08	0.0	0.0	0.0	0.0	0.0	0.0	0.0	0.0	0.0	0.0	0.0	0.0	0.0	0.0	0.0	0.0	0.0	0.0	0.0	0.0	0.0	0.0	0.0	0.0	0.0	0.0	0.0	0.0	0.0	0.0	0.0	0.0	0.0	0.0	0.0	0.0	0.0	0.0	0.0	0.0	0.0	0.0	0.0	0.0	0.0	0.0	0.0	0.0	0.0	0.0	0.0	0.0	0.0	0.0	0.0	0.0	0.0	0.0	0.0	0.0	0.0	0.0	0.0	0.0	0.0	0.0	0.0	0.0	0.0	0.0	0.0	0.0	0.0	0.0	0.0	0.0	0.0	0.0	0.0	0.0	0.0	0.0	0.0	0.0	0.0	0.0	0.0	0.0	0.0
329.22873888196006	-5.616371235143276	108391.56250580584	31.54362585094481	236.9906336295224	-0.8906648898886544	56164.56042812251	0.7932839460803689	227.62694904679958	-1.2213112260370167	1.4916011108440408	51814.027932354285	1.044261	48.802605	0.34039195999999994	0.0127756426	0.0127605799	-0.0740714035	-0.07187116	0.0299872273	-0.0970866692	0.0269052229	-0.023632493900000003	0.0698951914	0.0214804735	-0.0650661911	0.0015272729000000002	-0.06459011690000001	0.11393760609999999	-0.0032571235	-0.034034134	0.0186175843	0.0446606117	-0.109258397	0.038578821	0.021079536800000003	-0.029045834500000006	-0.0654083405	-0.0038737528999999997	-0.0561578115	-0.0033199240999999997	-0.059699418399999996	-0.0070343818	0.0651331337	0.0114075774	0.0623899512	-0.0073377224	-0.0444188879	0.0227983396	0.0328704014	-0.0332140794	0.031813949300000005	-0.09936051130000001	-0.1279052842	-0.1516128849	0.0879700473	-0.0521390174	-0.08846864539999999	0.0160297437	-0.034234699300000004	-0.0811298899	0.0398819802	0.0066660191	-0.0634173597	0.05656701	-0.055326951799999996	-0.11714638640000001	0.0057140122	-0.0213183734	0.0860408649	-0.0687072463	0.0021485206	-0.0319660292	0.032168486600000004	-0.0416833737	0.0383791401	0.020763295	-0.1271518771	0.0136581553	0.016205108200000002	-0.09409610410000001	-0.0478357714	0.015105049099999997	-0.0320442019	-0.037534698	-0.0171816436	0.0442480096	-0.0186765629	-0.0619984326	-0.025479337	0.0691964971	0.0390136892	0.0936586283	-0.0452703239	0.013997998400000001	0.0576192408	-0.1248236401	0.0787600625	-0.0217814458	-0.0579794731	-0.0674299766	0.0266651358	0.0274723543	-0.0342637415	0.0325680864	0.17304792260000001	-0.0451588412	0.0196638762	-0.125264181	0.1152498469	-0.0317200964	-0.10046437	-0.0590539708	-0.049228550999999995	-0.07504613809999999	0.014730218	0.0310486377	-0.0059410773	0.0695295355	0.0112875526	-0.0526240321	-0.09010319859999999	-0.0823246123	-0.0331953636	0.0326075169	0.0820320339	0.0902528472	-0.125951	0.005549999999999999	0.015863654401000002	3.0802499999999995e-05	-0.07380599999999997	0.10888800000000004	0.011856596544000005	0.005447325635999995	-0.164693	-0.16601746	0.0275617970248516	0.027123784249000003	0.00117074	0.001019068	1.3706321476e-06	1.038499588624e-06	0.000980298	-2.9871999999999798e-05	8.923363839999879e-10	9.60984168804e-07	-0.00155719	0.00014979000000000012	2.4248406961e-06	2.243704410000004e-08	0.0	0.0	0.0	0.0	0.0	0.0	0.0	0.0	0.0	0.0	0.0	0.0	0.0	0.0	0.0	0.0	0.0	0.0	0.0	0.0	0.0	0.0	0.0	0.0	0.0	0.0	0.0	0.0	0.0	0.0	0.0	0.0	0.0	0.0	0.0	0.0	0.0	0.0	0.0	0.0	0.0	0.0	0.0	0.0	0.0	0.0	0.0	0.0	0.0	0.0	0.0	0.0	0.0	0.0	0.0	0.0	0.0	0.0	0.0	0.0	0.0	0.0	0.0	0.0	0.0	0.0	0.0	0.0	0.0	0.0	0.0	0.0	0.0	0.0	0.0	0.0	0.0	0.0	0.0	0.0	0.0	0.0	0.0	0.0	0.0	0.0	0.0	0.0	0.0
337.679655944544	8.450917062583926	114027.5500388256	71.41799919867212	238.49255050268283	1.5019168731604395	56878.69664527473	2.255754293884032	229.92433399304488	2.2973849462453018	5.277977591234529	52865.199362145264	1.24565	58.21435500000001	0.1234998	0.04820373309999999	-0.1216649907	0.016386838600000002	-0.0447431416	0.0141836023	0.07124758910000001	0.0047755603	0.0353214097	-0.1231013666	0.0653242634	-0.0205126573	-0.0291678387	-0.0270056017	0.0513601572	-0.0039940945	0.0426442841	0.04199033480000002	0.0699341851	0.021102710099999998	0.0271373909	0.0884899668	0.09130549439999999	0.005506814200000001	-0.0604280519	-0.0664039756	-0.0716799579	0.0295005036	0.0947565294	0.010825358200000001	0.0160682645	-0.0413186879	-0.0225909013	0.0903244107	-0.05697871650000001	0.056293711100000005	0.0688845977	-0.0688300476	0.0687851533	-0.011347738799999998	0.042899351399999994	0.027323627000000003	0.1211364498	-0.024255889	-0.042935166	0.048723717400000005	-0.09616464539999996	0.0204438905	-0.1151355469	0.0632030668	-0.09802297730000001	-0.0131322007	0.0377807725	-0.049754036200000004	-0.019267126000000002	-0.0542204626	0.0812680505	-0.012855916	0.095429856	0.0164880088	-0.0035673811999999997	0.0362351301	0.0020209111	-0.0536019439	0.0173722666	0.0449534912	0.0261004031	-0.0674644334	-0.0894099789	-0.0048451305	-0.0962375007	-0.14347840050000002	0.0225946277	0.060303593600000004	-0.0062182239	0.0319060435	-0.0031080929999999997	0.021776081	-0.06572123	-0.0695330582	-0.031706781600000004	-0.086589628	0.044659039000000005	-0.0760454078	-0.033094571499999996	0.028227749500000007	0.07419579230000001	-0.0211648467	0.0401404229	0.011714923	0.0065660256999999994	0.062092488099999996	-0.0375519337	0.0940267089	0.0109333739	0.0998331319	0.2168211435	-0.0387083187	-0.0030742034000000003	-0.0354390717	0.0692570478	0.0630991055	0.049170566900000004	-0.0213608827	0.068689944	0.0087878044	-0.0556872742	-0.0911841808	-0.0792312721	-0.0260485229	0.0406891827	0.0862533231	0.0869335349	-0.14208800000000002	-0.016137000000000012	0.02018899974400001	0.0002604027690000004	-0.034320300000000005	0.03948569999999997	0.001559120504489997	0.0011778829920900005	-0.150975	0.013718000000000008	0.0001881835240000002	0.022793450625	0.00117074	0.0	1.3706321476e-06	0.0	0.00110767	0.00012737199999999995	1.6223626383999985e-08	1.2269328289000002e-06	-0.002513	-0.00095581	6.3151689999999995e-06	9.135727561000002e-07	0.0	0.0	0.0	0.0	0.0	0.0	0.0	0.0	0.0	0.0	0.0	0.0	0.0	0.0	0.0	0.0	0.0	0.0	0.0	0.0	0.0	0.0	0.0	0.0	0.0	0.0	0.0	0.0	0.0	0.0	0.0	0.0	0.0	0.0	0.0	0.0	0.0	0.0	0.0	0.0	0.0	0.0	0.0	0.0	0.0	0.0	0.0	0.0	0.0	0.0	0.0	0.0	0.0	0.0	0.0	0.0	0.0	0.0	0.0	0.0	0.0	0.0	0.0	0.0	0.0	0.0	0.0	0.0	0.0	0.0	0.0	0.0	0.0	0.0	0.0	0.0	0.0	0.0	0.0	0.0	0.0	0.0	0.0	0.0	0.0	0.0	0.0	0.0	0.0
334.90601615822845	-2.7736397863155275	112162.03965897557	7.693077664232446	238.39803987100373	-0.0945106316790998	56833.62541433668	0.008932259500382459	229.98435866181785	0.06002466877296798	0.0036029608613045157	52892.805229087666	1.062108	49.636677	0.1895722	0.0254437464	0.11282633539999999	0.037856094900000005	0.0143247889	0.0130921714	-0.0166947566	-0.0675475285	-0.0338997211	0.0544725946	-0.005920679599999999	0.038289466200000004	0.070627395	0.0423671193	-0.046397031500000005	-0.0073537676	-0.014326715	0.05791559230000001	0.0298763898	0.1025852845	0.0235437781	0.037305859	-0.0034342384	0.0228270192	-0.0222641294	0.023695843900000003	-0.0045250764	0.0313093053	-0.0231284546	-0.0824916201	-0.0033292334999999998	0.0028239128000000003	0.0979948837	0.0156631852	0.052955665199999995	-0.0354798898	0.0645318938	0.08558310429999999	0.0095497886	-0.0437007518	-0.0507916942	0.030927662400000007	-0.0766612526	0.0175781675	-0.0008611349	0.0671041354	-0.0647683837	-0.0658782954	0.07017831990000001	-0.07690434089999999	0.0064340511	0.0247013998	-0.0012339094	0.0447364454	-0.0126537582	0.0220011242	0.0057960721	0.057522480099999995	-0.0471700552	0.0288378972	-0.0024626879	-0.098382863	-0.0275305474	0.08840170289999999	-0.056356195899999996	0.0428429665	0.0496244438	-0.0021317594	-0.059117049299999995	-0.0094074937	-0.0019232220999999999	-0.0189446973	0.0373073923	-0.0742459287	0.001733395	0.011219065700000001	-0.0359092206	0.0081903817	0.0306935357	0.1034922788	0.0172595478	-0.0153097378	0.0338169678	0.045008664299999994	0.1982325143	-0.035934109	0.1027851653	-0.0623718782	0.031146415299999997	0.0683001747	-0.0657403625	0.0645403329	0.10539422960000001	-0.0164467584	-0.0385129769	0.0161306289	-0.025763536	0.0076705362	-0.048389905700000006	0.1525888793	-0.0325916906	-0.0348673106	-0.0119618758	0.1327810057	0.06783775709999999	0.0062816109	-0.0586586275	-0.09199770410000001	-0.0757748583	-0.018729823899999998	0.0484055284	0.08946337089999999	0.0823246123	-0.110967	0.031121000000000013	0.012313675089	0.0009685166410000006	-0.0938445	-0.05952420000000001	0.0035431303856400006	0.008806790180250003	-0.107352	0.043623	0.001902966129	0.011524451904	0.00154923	0.00037849	2.4001135929e-06	1.432546801e-07	0.00181604	0.00070837	5.017880569e-07	3.2980012816000008e-06	-0.00253222	-1.9219999999999914e-05	6.4121381284e-06	3.694083999999967e-10	0.0	0.0	0.0	0.0	0.0	0.0	0.0	0.0	0.0	0.0	0.0	0.0	0.0	0.0	0.0	0.0	0.0	0.0	0.0	0.0	0.0	0.0	0.0	0.0	0.0	0.0	0.0	0.0	0.0	0.0	0.0	0.0	0.0	0.0	0.0	0.0	0.0	0.0	0.0	0.0	0.0	0.0	0.0	0.0	0.0	0.0	0.0	0.0	0.0	0.0	0.0	0.0	0.0	0.0	0.0	0.0	0.0	0.0	0.0	0.0	0.0	0.0	0.0	0.0	0.0	0.0	0.0	0.0	0.0	0.0	0.0	0.0	0.0	0.0	0.0	0.0	0.0	0.0	0.0	0.0	0.0	0.0	0.0	0.0	0.0	0.0	0.0	0.0	0.0
330.7244494933395	-4.181566664888976	109378.66149267246	17.485499772910714	237.5558099595093	-0.8422299114944279	56432.7628455185	0.7093512238159121	229.25304991736027	-0.7313087444575785	0.5348124797201199	52556.96089641168	1.014507	47.412121	0.07823699999999997	-0.0166242304	-0.0114658108	-0.10802909179999999	-0.0130506026	0.0072563111	-0.0840222901	0.0199521616	-0.0318703943	0.0096309461	-0.0528419229	-0.0504350162	-0.0105018679	0.0004758518	-0.010164129899999999	0.0776940158	0.0101452088	-0.0333491083	-0.0229425556	0.07334661940000001	-0.0181121899	0.040560555299999995	0.0065875801000000005	0.0282371993	0.0062127865	-0.00038330989999999995	0.0012043144	-0.0238438124	0.0331251344	0.0481414938	-0.003490016	-0.0020045209	-0.0264244273	0.050789969500000004	0.009345135	0.101631581	0.048696581600000004	0.013104131399999998	-0.1095407622	0.0142438626	-0.0626427303	-0.1352939924	0.038065099399999996	0.0270952364	-0.12145993050000001	0.010450475	0.1593704256	0.0487343499	-0.014575195400000001	0.0057726749	0.0713156668	0.0162913428	-0.09835395820000001	-0.0422228989	-0.0036248218	0.072541357	-0.040559861600000004	0.023269143	-0.0248641142	-0.053676798399999996	-0.0136639023	0.0192013371	-0.0368307607	0.0169057099	0.0390238262	0.024503929700000003	0.0910493708	0.0320649322	-0.0226388729	0.0576289146	-0.042798871100000004	-0.011943685400000001	-0.0123664831	0.0057431516	0.0015027986999999999	0.049728443600000005	0.0183047943	0.0135485422	-0.0126038034	-0.0451325683	-0.056187525099999996	0.050931078	0.0381248992	0.0898780417	-0.0624386026	0.0820503439	0.1191376307	0.14909274050000001	0.0689471258	-0.0409119795	-0.0770409032	-0.08914818140000001	0.1307470929	0.0077513198	0.059102177199999995	-0.0367469777	0.006970754599999999	-0.016835519099999998	-0.0097708763	0.0676660927	-0.0231940902	0.0359652925	0.047351697699999994	-0.0020945945	0.06697313120000001	0.0037708103000000004	-0.061533189	-0.09254138220000001	-0.07197121	-0.0112875526	0.0556872742	0.09162454240000001	0.0764944501	-0.108159	0.0028080000000000192	0.011698369280999998	7.884864000000106e-06	-0.0939625	-0.00011799999999999311	1.3923999999998373e-08	0.00882895140625	-0.102801	0.004551	2.0711601e-05	0.010568045601	0.00214295	0.0005937199999999997	4.592234702499998e-06	3.5250343839999976e-07	0.00263211	0.0008160699999999999	6.659702448999998e-07	6.9280030521e-06	-0.00253763	-5.4099999999999634e-06	6.4395660168999985e-06	2.926809999999961e-11	0.0	0.0	0.0	0.0	0.0	0.0	0.0	0.0	0.0	0.0	0.0	0.0	0.0	0.0	0.0	0.0	0.0	0.0	0.0	0.0	0.0	0.0	0.0	0.0	0.0	0.0	0.0	0.0	0.0	0.0	0.0	0.0	0.0	0.0	0.0	0.0	0.0	0.0	0.0	0.0	0.0	0.0	0.0	0.0	0.0	0.0	0.0	0.0	0.0	0.0	0.0	0.0	0.0	0.0	0.0	0.0	0.0	0.0	0.0	0.0	0.0	0.0	0.0	0.0	0.0	0.0	0.0	0.0	0.0	0.0	0.0	0.0	0.0	0.0	0.0	0.0	0.0	0.0	0.0	0.0	0.0	0.0	0.0	0.0	0.0	0.0	0.0	0.0	0.0
336.131569901301	5.407120407961543	112984.4322843132	29.2369511061942	237.6772758805648	0.12146592105548848	56490.487470006105	0.01475396997785816	229.89940425924675	0.6463543418864788	0.4177739352755031	52853.73607875656	0.960719	44.89836500000001	0.2066915	0.0044759815	-0.0994135123	0.020471101499999998	-0.0683875056	0.010726719499999999	0.0381834356	0.017163061299999997	0.0165406744	-0.029753781200000006	0.0327880885	-0.1160365572	-0.0294531014	0.0742032691	0.0075305965	0.06679908849999999	-0.0146093157	-0.019819424199999998	-0.0157763935	-0.0504668975	0.0484689158	0.05184504559999999	-0.0727875565	0.0681119808	-0.09755151570000001	0.0656634457	-0.030419088799999997	0.0752643845	-0.0599216702	-0.10752536230000001	0.0704609929	-0.014442512900000001	-0.015905533899999998	-0.0425586536	-0.0507097355	-0.062275320099999996	-0.0734077135	0.0575229432	0.038347107000000005	0.01067743	0.1658458503	-0.0081020667	0.0202152846	0.0987432257	-0.0189079827	0.09679288359999999	0.0432721991	0.0409380503	-0.047148922	0.0460670397	-0.0625431446	-0.06446941070000001	-0.0361064383	-0.011227543100000001	-0.0186466312	-0.038376028799999996	0.0174911642	-0.011317511799999999	0.0236577029	-0.0664030368	-0.0916062816	0.0327694751	-0.0847381629	-0.0274945263	0.06850181150000001	0.0178509189	-0.0267376553	-0.0005129451	0.0171141681	-0.0543542134	-0.056152566200000004	0.0902716576	0.1079887058	-0.0584770346	0.0773259642	-0.0158353346	-0.0429710546	-0.0753587102	-0.0384389611	0.048640343600000004	0.014651708700000004	-0.058824997699999985	0.0785743154	0.0293009217	-0.0448714706	-0.0471250763	-0.0261379951	-0.031495079599999996	-0.0083775528	0.022976628500000002	0.0402891567	-0.10604763939999999	-0.0026170882	-0.0305406933	0.0528749311	0.0849064525	0.0195054843	0.003400243	0.074969992	0.059018667999999996	0.1369718948	0.0308846167	-0.19155759530000002	0.0561924107	0.0660962247	0.0012572441	-0.0643062155	-0.09281362060000001	-0.06783775709999999	-0.0037708103000000004	0.06246904230000001	0.0927115	0.0695295355	-0.12553399999999998	-0.017374999999999988	0.015758785156	0.0003018906249999996	-0.180363	-0.08640050000000002	0.0074650464002500045	0.03253081176900001	-0.113668	-0.010867000000000002	0.00011809168900000004	0.012920414224	0.00280474	0.0006617900000000003	7.8665664676e-06	4.379660041000003e-07	0.00263211	0.0	0.0	6.9280030521e-06	-0.00371682	-0.00117919	1.38147509124e-05	1.3904890561000005e-06	0.0	0.0	0.0	0.0	0.0	0.0	0.0	0.0	0.0	0.0	0.0	0.0	0.0	0.0	0.0	0.0	0.0	0.0	0.0	0.0	0.0	0.0	0.0	0.0	0.0	0.0	0.0	0.0	0.0	0.0	0.0	0.0	0.0	0.0	0.0	0.0	0.0	0.0	0.0	0.0	0.0	0.0	0.0	0.0	0.0	0.0	0.0	0.0	0.0	0.0	0.0	0.0	0.0	0.0	0.0	0.0	0.0	0.0	0.0	0.0	0.0	0.0	0.0	0.0	0.0	0.0	0.0	0.0	0.0	0.0	0.0	0.0	0.0	0.0	0.0	0.0	0.0	0.0	0.0	0.0	0.0	0.0	0.0	0.0	0.0	0.0	0.0	0.0	0.0
334.02416442581	-2.1074054754910208	111572.14242036057	4.441157838129535	237.81835369159316	0.14107781102836725	56557.569352579696	0.0199029487645557	229.92225849332763	0.022854234080881497	0.0005223160154237253	52864.24495067257	1.074115	50.197811	0.4881350500000001	0.0569694564	0.016907187	0.058095429800000015	0.0317578577	0.0451051506	0.0643903833	-0.014191520800000001	0.050925852199999996	-0.030863496400000006	0.0445334765	0.0645473826	0.08818683279999999	-0.0227102246	0.0304077257	-0.029105471600000002	0.0123116452	-0.06679139320000001	-0.0694391293	0.0344502902	-0.0342138829	0.004115175	-0.075722228	0.0338739298	-0.0576303394	-0.0076659009	-0.0197444583	-0.0643091972	-0.0296632712	-0.0190318554	0.0376274155	0.008299894	-0.0390432737	0.052665847	-0.0115821237	0.0018747392000000001	0.0237933645	-0.0818184077	0.0041383082	0.0320774157	0.0179175034	0.0406652414	-0.023702396400000002	0.0053104361	0.0319706093	-0.0815174498	-0.0633678044	0.0137943969	-0.027357315899999998	-0.054602207	-0.0007675311	0.013921075500000001	0.0871540936	0.0178174681	-0.0458974204	-0.057145624400000004	0.06701277679999999	-0.0322062686	0.0391149003	0.0659168636	0.0009805432	-0.0753429205	0.03118559	-0.023823477200000002	0.0210139569	-0.08800597240000001	0.0403154286	0.034956608300000004	-0.0038061278999999997	0.0327652869	-0.0083340233	-0.0047269728000000006	0.0944908442	-0.0321781566	-0.0205315165	0.09755530220000001	0.007714413299999999	-0.0014130535	0.0354536955	0.0458397974	0.0174059673	-0.0734750033	-0.0690616857	-0.079515385	-0.0017214425	0.1399174713	-0.0416033706	-0.0190514583	-0.0146707559	0.012561362099999999	0.115744002	-0.026229124	-0.1027082792	0.0226304873	0.0095312912	-0.0085852919	-0.018381601799999998	0.0699658315	-0.0320417671	-0.032207046600000004	-0.0306073418	0.0007774474	0.05776123900000001	-0.1058327889	0.0652071985	-0.0012572441	-0.06697313120000001	-0.09281362060000001	-0.063393441	0.0037708103000000004	0.068689944	0.0927115	0.061533189	-0.0584188	0.06711519999999999	0.00341275619344	0.004504450071039998	-0.0465232	0.13383980000000004	0.017913092064040008	0.00216440813824	-0.14510399999999998	-0.03143599999999998	0.0009882220959999985	0.021055170815999998	0.000207709	-0.002597031	4.3143028681e-08	6.744570014961e-06	0.00204436	-0.0005877500000000003	3.454500625000002e-07	4.179407809599998e-06	-0.00178672	0.0019301	3.1923683584e-06	3.72528601e-06	0.0	0.0	0.0	0.0	0.0	0.0	0.0	0.0	0.0	0.0	0.0	0.0	0.0	0.0	0.0	0.0	0.0	0.0	0.0	0.0	0.0	0.0	0.0	0.0	0.0	0.0	0.0	0.0	0.0	0.0	0.0	0.0	0.0	0.0	0.0	0.0	0.0	0.0	0.0	0.0	0.0	0.0	0.0	0.0	0.0	0.0	0.0	0.0	0.0	0.0	0.0	0.0	0.0	0.0	0.0	0.0	0.0	0.0	0.0	0.0	0.0	0.0	0.0	0.0	0.0	0.0	0.0	0.0	0.0	0.0	0.0	0.0	0.0	0.0	0.0	0.0	0.0	0.0	0.0	0.0	0.0	0.0	0.0	0.0	0.0	0.0	0.0	0.0	0.0
338.45252287113857	4.428358445328571	114550.11023783855	19.610358520312868	239.73488263066773	1.916528939074567	57472.81394994003	3.673083174310285	231.79669484415612	1.8744363508284887	3.5135116333072234	53729.70774067484	1.011079	47.251919	0.5482500499999999	0.0201128916	0.13548261550000001	-0.0261339812	0.0021792587	-0.0229244219	-0.0210356137	-0.0990909942	-0.0755320218	-0.045913328200000006	0.0824075941	0.11373171039999999	0.143631654	-0.0457207263	0.0242288246	-0.050353120599999995	-0.0089733178	-0.09958361240000001	-0.0066689417	-0.0225191942	-0.01462754	-0.024312462000000003	-0.0334178583	-0.0941284559	-0.0041911221	-0.017557819	-0.1126865061	0.029525655	-0.0129103941	-0.07179562469999999	-0.1488754423	0.0553709834	0.0805471382	0.0080527009	-0.0117913046	0.0442661363	0.0323848634	-0.1105426336	0.021386675	-0.0317657373	0.0335225148	0.026667254100000003	-0.0643248337	-0.0537867975	-0.0827125144	-0.1203687862	0.037757612	0.11607813289999999	0.042039172199999995	-0.0169975856	0.0178259276	0.12070849869999999	0.0188461163	0.08682625390000001	0.029691464700000007	0.0328727338	0.06550706440000001	0.1148057693	0.07391334150000001	0.1409205049	-0.0054171346	-0.11189892369999999	0.0764013251	-0.0278300056	-0.030756085	-0.08894360859999999	0.0060582395	-0.0160829008	0.0644344847	0.0403049821	-0.0911680182	-0.0025990092000000003	0.013902345900000002	0.0148339773	0.0121341095	-0.0746784977	-0.0745547093	0.1674911625	-0.0361540869	0.0089042318	0.0474884869	0.0513682376	0.0338264785	-0.1145443293	-0.0458670695	0.0733124209	-0.062810213	0.1134384791	-0.0025085229	-0.11424622570000001	0.0287027846	-0.0046743751	-0.0739730537	-0.0456369332	-0.0749442159	-0.0801169635	-0.0553247672	0.0145423421	-0.0550216311	0.0897848864	-0.0127450236	0.051353074500000005	0.0428019785	-0.10190989730000001	0.0643062155	-0.0037708103000000004	-0.0695295355	-0.09254138220000001	-0.0586586275	0.0112875526	0.0742941259	0.09162454240000001	0.0526240321	-0.035832800000000005	0.022586	0.0012839895558400002	0.0005101273959999998	0.0155841	0.06210729999999999	0.003857316713289999	0.00024286417281000003	-0.159105	-0.014001000000000012	0.0001960280010000004	0.025314401025	-0.00340113	-0.0036088390000000004	1.15676852769e-05	1.3023718927921e-05	-0.0017779	-0.00382226	1.46096715076e-05	3.16092841e-06	-0.000226704	0.001560016	5.139470361600001e-08	2.433649920256e-06	0.0	0.0	0.0	0.0	0.0	0.0	0.0	0.0	0.0	0.0	0.0	0.0	0.0	0.0	0.0	1.0	0.0	0.0	0.0	0.0	0.0	0.0	0.0	0.0	0.0	0.0	0.0	0.0	0.0	0.0	0.0	0.0	0.0	0.0	0.0	0.0	0.0	0.0	0.0	0.0	0.0	0.0	0.0	0.0	0.0	0.0	0.0	0.0	0.0	0.0	0.0	0.0	0.0	0.0	0.0	0.0	0.0	0.0	0.0	0.0	0.0	0.0	0.0	0.0	0.0	0.0	0.0	0.0	0.0	0.0	0.0	0.0	0.0	0.0	0.0	0.0	0.0	0.0	0.0	0.0	0.0	0.0	0.0	0.0	0.0	0.0	0.0	0.0	0.0
337.90546618970416	-0.5470566814344124	114180.10408088131	0.2992710127020322	239.18318394536888	-0.5516986852988452	57208.59548224416	0.3043714393604743	229.9389815113461	-1.8577133328100215	3.4510988269001186	52871.93521847516	1.073299	50.159676	0.24128205	0.0510649708	0.0343477226	0.0073662439000000005	-0.0596447855	-0.0320734678	0.0023429799	-0.0600944746	-0.0731137568	-0.0297927705	0.0495025535	-0.039119583	0.0617297988	-0.07354295	-0.077255541	-0.08628495900000001	-0.09312334130000001	0.0548007328	0.0570547382	0.0282499867	-0.014126729099999999	0.0084177797	0.0553466016	0.0268236023	0.09419035419999999	-0.0905362525	0.0542775997	-0.1131309417	0.037018752	-0.0024475156	0.0507815893	-0.1193276475	0.0738596425	-0.0725587104	-0.017357306	-0.10961587939999999	-0.0250301702	-0.0407552116	0.0004900721	-0.0109455224	0.1015074384	-0.06513162780000001	-0.1365579994	-0.0487276291	-0.0210236081	-0.0238745544	-0.0217196502	-0.0560912668	0.0013442638000000001	-0.0179519202	-0.054930871299999996	0.0087588598	-0.0295920152	0.100700916	0.033231373	0.014158946100000003	0.0249957686	0.10250855960000001	0.053950366900000005	0.0213787023	-0.063992123	0.024430341499999998	0.102083577	0.049131509000000004	-0.103914715	0.055659211900000005	-0.0080821004	0.0279481627	-0.0353229894	-0.0333025764	0.0968747866	-0.0462230842	-0.0073192554	0.0765083845	-0.0281307763	-0.071326431	0.1397483948	-0.0137006286	-0.08927008869999999	0.112628754	0.1392375437	0.0601493986	0.0529429789	0.0518512167	-0.0466154288	-0.0231109866	-0.0749053735	-0.09449181720000001	0.0107825456	0.0671457282	-0.0832698003	0.0659949192	-0.0771340633	0.0295587061	0.1015557348	-0.069049049	0.041584413199999996	-0.0020829952	-0.0763081997	-0.0602629828	0.0527249965	0.0836607991	-0.0976968669	0.1030643066	0.063393441	-0.0062816109	-0.07197121	-0.09199770410000001	-0.053655013700000004	0.018729823899999998	0.0792312721	0.08946337089999999	0.042934227199999994	-0.0121444	0.023688400000000002	0.00014748645136	0.0005611402945600002	-0.129781	-0.1453651	0.021131012298009996	0.016843107960999998	-0.11968800000000003	0.03941699999999998	0.0015536998889999984	0.014325217344000003	-0.00333024	7.08900000000001e-05	1.10904984576e-05	5.025392100000015e-09	-0.001225	0.0005528999999999999	3.0569841000000005e-07	1.500625e-06	-0.000194263	3.2441000000000024e-05	3.7738113169e-08	1.0524184810000016e-09	0.0	0.0	0.0	0.0	0.0	0.0	0.0	0.0	0.0	0.0	0.0	0.0	0.0	0.0	0.0	0.0	0.0	0.0	0.0	0.0	0.0	0.0	0.0	0.0	0.0	0.0	0.0	0.0	0.0	0.0	0.0	0.0	0.0	0.0	0.0	0.0	0.0	0.0	0.0	0.0	0.0	0.0	0.0	0.0	0.0	0.0	0.0	0.0	0.0	0.0	0.0	0.0	0.0	0.0	0.0	0.0	0.0	0.0	0.0	0.0	0.0	0.0	0.0	0.0	0.0	0.0	0.0	0.0	0.0	0.0	0.0	0.0	0.0	0.0	0.0	0.0	0.0	0.0	0.0	0.0	0.0	0.0	0.0	0.0	0.0	0.0	0.0	0.0	0.0
333.09244626425215	-4.813019925452012	110950.5777583037	23.16516080279808	237.74859631252158	-1.4345876328473253	56524.39504857433	2.058041676318492	228.34995445508147	-1.5890270562646265	2.5250069855410238	52143.701699637786	1.2671370000000002	59.21854	0.9440044500000002	0.0262069079	-0.061318812199999996	0.0540707412	0.0417598498	0.021325757	0.0794507436	0.0083125264	0.0179757296	-0.0145290019	-0.047815406	-0.053408003499999995	-0.0560251904	0.0060679201	-0.0430222762	0.008783063	-0.07001377	0.0322131046	-0.058851678399999996	0.052355510300000005	0.0401039264	-0.0383640716	0.0594609399	0.0803911444	0.0317772228	-0.065805585	-0.079339628	0.10018168470000001	0.0781528382	0.0353551556	-0.0268233537	-0.0275623844	-0.07062954860000001	-0.0031180665000000002	0.0126522689	-0.0334246532	-0.0662783623	-0.0647987235	0.0014961587	-0.0856081132	0.0398531308	0.0320069257	0.10883554949999999	0.035816689	0.087440515	0.04732108559999999	-0.0067899743	-0.0219301766	-0.032132904	-0.0185075245	-0.039339036099999995	-0.0339506619	0.0276902006	-0.0655776395	-0.0207378605	-0.0800587625	0.0173175733	-0.006389199399999999	-0.017354406399999998	-0.07010386440000001	-0.0033836041999999998	0.0464008297	-0.010181151999999999	0.0241303749	-0.055407158	0.021106032099999998	0.038522804199999996	0.0913729262	-0.0175196078	-0.0736781606	0.0074549437	0.0079175959	0.0721601736	0.1631189996	-0.0309489134	-0.012980911000000001	0.0016770798000000002	-0.0696304589	0.0110400895	-0.004776946	0.0072062718000000005	0.0347646837	-0.0021718912	-0.0752051411	-0.0620502325	-0.0387922339	-0.0443095113	0.09004751849999999	-0.0441083871	-0.0104696325	0.007088344599999998	-0.0472903592	-0.0741229087	0.08136248809999999	0.016805985	0.0735046173	0.1340384036	0.019991726499999998	-0.050183270700000004	-0.008680571	0.001654175	-0.043496784000000004	0.0606985913	-0.0034804817	0.06246904230000001	-0.0087878044	-0.0742941259	-0.0911841808	-0.0484055284	0.0260485229	0.08345705519999999	0.0862533231	0.0326075169	-0.108348	-0.0962036	0.011739289104	0.00925513265296	-0.260435	-0.13065399999999994	0.01707046771599999	0.06782638922499999	-0.101496	0.018192000000000014	0.00033094886400000047	0.010301438016	0.00395643	0.00728667	1.5653338344900007e-05	5.30955596889e-05	0.00232559	0.00355059	1.26066893481e-05	5.408368848100002e-06	-0.0033361	-0.003141837	1.1129563210000001e-05	9.871139734569001e-06	0.0	0.0	0.0	0.0	0.0	0.0	0.0	0.0	0.0	0.0	0.0	0.0	0.0	0.0	0.0	0.0	1.0	0.0	0.0	0.0	0.0	0.0	0.0	0.0	0.0	0.0	0.0	0.0	0.0	0.0	0.0	0.0	0.0	0.0	0.0	0.0	0.0	0.0	0.0	0.0	0.0	0.0	0.0	0.0	0.0	0.0	0.0	0.0	0.0	0.0	0.0	0.0	0.0	0.0	0.0	0.0	0.0	0.0	0.0	0.0	0.0	0.0	0.0	0.0	0.0	0.0	0.0	0.0	0.0	0.0	0.0	0.0	0.0	0.0	0.0	0.0	0.0	0.0	0.0	0.0	0.0	0.0	0.0	0.0	0.0	0.0	0.0	0.0	0.0
332.466011009137	-0.6264352551151546	110533.6484763276	0.3924211288511889	236.68355763599624	-1.0650386765253188	56019.10645523195	1.134307382494803	226.4623957840365	-1.8875586710449848	3.5628777366371107	51285.216704245584	1.163329	54.367161	0.087619	0.0183890124	0.0144737861	0.061330030599999995	0.0726556809	0.0629163924	0.0516862896	0.019544567	0.0165852329	0.033968084700000005	-0.0994223775	0.049002690300000006	-0.0666618407	0.05479692480000002	0.0107274559	-0.0269936583	0.0373034305	-0.0836075031	-0.0232067962	-0.036715399700000005	0.0316801206	-0.1027459493	-0.021035915099999997	-0.0286383675	-0.08747737359999999	-0.1080134083	0.0377187075	-0.0191576749	0.0753575484	0.0445727529	0.0353835237	0.024862593	-0.0059979267000000005	-0.0743109231	-0.034136343	-0.056750629800000015	-0.0406905787	0.017391494	0.028484336800000006	-0.0383895694	-0.0490502395	-0.1021078908	0.0127720408	-0.009223170400000001	-0.070366316	0.0690180868	0.0286279493	0.058021808499999994	-0.0024152760999999997	-0.0408976957	0.0166424108	0.030103976400000006	0.0805161596	-0.0491471984	-0.0632060234	-0.0589954438	-0.0244711248	-0.033160941400000005	-0.0697606458	-0.0611073531	0.1036565271	-0.0021201101999999998	-0.018337988	-0.0151241565	0.0104301628	-0.115331214	0.0047625770000000005	-0.0074681288	0.0767843992	0.06810550139999999	0.0890227509	-0.0867659861	0.063232122	0.029875961	0.0104544546	-0.0108693839	0.064004565	-0.041985681100000005	-0.0733208155	0.0304667635	-0.0588833467	0.0589148484	-0.0276372898	0.121957639	-0.0616384376	-0.0640675211	0.0542308105	0.047001056500000006	-0.103010373	0.0490873834	0.0107296778	0.0339686331	0.1015548356	0.1052770747	0.0714776471	0.0061653113	0.042244860099999997	0.0080591063	0.09974796359999999	0.0374834545	-0.028508047999999998	0.12377268970000001	0.07214601799999999	0.0407282499	0.061533189	-0.0112875526	-0.0764944501	-0.09010319859999999	-0.042934227199999994	0.0331953636	0.0869335349	0.0820320339	0.021797092400000002	-0.115202	-0.006853999999999999	0.013271500804	4.6977315999999985e-05	-0.215462	0.04497299999999999	0.002022570728999999	0.046423873444	-0.108181	-0.0066849999999999965	4.468922499999995e-05	0.011703128761	0.00422639	0.00026995999999999964	1.78623724321e-05	7.287840159999981e-08	0.00263777	0.00031217999999999963	9.745635239999973e-08	6.957830572899999e-06	-0.0033361	0.0	1.1129563210000001e-05	0.0	0.0	0.0	0.0	0.0	0.0	0.0	0.0	0.0	0.0	0.0	0.0	0.0	0.0	0.0	0.0	0.0	0.0	0.0	0.0	0.0	0.0	0.0	0.0	0.0	0.0	0.0	0.0	0.0	0.0	0.0	0.0	0.0	0.0	0.0	0.0	0.0	0.0	0.0	0.0	0.0	0.0	0.0	0.0	0.0	0.0	0.0	0.0	0.0	0.0	0.0	0.0	0.0	0.0	0.0	0.0	0.0	0.0	0.0	0.0	0.0	0.0	0.0	0.0	0.0	0.0	0.0	0.0	0.0	0.0	0.0	0.0	0.0	0.0	0.0	0.0	0.0	0.0	0.0	0.0	0.0	0.0	0.0	0.0	0.0	0.0	0.0	0.0	0.0	0.0
336.68010062183583	4.214089612698841	113353.49015472949	17.758551263856283	237.07013305519212	0.38657541919587857	56202.247986806484	0.14944055472646925	228.1025433879448	1.6401476039083036	2.6900841626061496	52030.770300049226	1.115385	52.12653	0.5164683999999999	-0.0326721663	0.0781669856	-0.0041326871	-0.0175769719	0.0188127561	-0.0594202962	-0.035030934300000004	0.0110607344	0.051371433499999994	-0.0167530155	0.0701235933	-0.0533005533	0.0588701176	0.0170662629	-0.07375054519999999	-0.0136086475	-0.0379292343	-0.0047845366	-0.0255842679	-0.0664872963	0.0233352636	-0.0859491646	-0.0327199493	-0.0213999455	0.0415674405	-0.0438872536	-0.0352503571	0.1244792432	-0.0016688335000000002	0.030886166200000002	0.0036707015000000003	-0.0606948783	-0.09640502849999999	-0.0396913509	-0.0987369617	0.0096253447	-0.1397266293	-0.0990463481	0.0668560998	-0.0850422108	0.1254220358	-0.0741276307	0.035645624	0.0178006622	0.131361755	-0.024896017799999996	-0.0259116415	0.0579004232	0.0068795215	0.0104028589	0.0742314466	-0.0071748307999999995	-0.050186133	-0.028717383	0.0584178463	-0.028741049900000006	-0.0245868623	-0.06509981849999999	0.037371054300000005	0.051083228700000004	-0.0317007697	0.0009027955	0.0028692754	-0.0645698295	-0.1098375231	-0.0041855404999999995	-0.048175667199999994	0.079791712	0.0401990555	-0.0436703571	0.051594034299999994	0.0320164641	-0.0419165527	-0.055757471600000004	0.08172540959999999	0.1274564095	0.0158058673	-0.1284406088	-0.0372932497	-0.0036258431	0.1138314963	-0.21132739120000002	0.0290048053	0.0285183541	0.0133421557	-0.0168942977	-0.0357933666	-0.0193367335	-0.0184397553	-0.047031938200000005	0.0154073134	-0.08249886070000001	-0.08560187699999999	0.050503628499999995	0.0226917061	0.019415613999999998	0.05853462	0.0515764876	-0.0240131272	0.0976776499	0.0340317066	0.041520990699999996	-0.029595032799999997	0.0605860527	-0.0137790222	-0.0785685519	-0.0887579282	-0.0372661819	0.0401231939	0.0896294983	0.07684899419999999	0.0106633201	-0.127273	-0.012070999999999998	0.016198416529	0.00014570904099999994	0.0105605	0.2260225	0.05108617050625	0.00011152416025	-0.0565661	0.051614900000000005	0.0026640979020100004	0.0031997236692099997	0.00181936	-0.00240703	3.3100708096e-06	5.7937934209e-06	0.00093574	-0.0017020299999999998	2.8969061208999987e-06	8.756093476e-07	-0.00290996	0.00042613999999999977	8.4678672016e-06	1.8159529959999982e-07	0.0	0.0	0.0	0.0	0.0	0.0	0.0	0.0	0.0	0.0	0.0	0.0	0.0	0.0	0.0	0.0	0.0	1.0	0.0	0.0	0.0	0.0	0.0	0.0	0.0	0.0	0.0	0.0	0.0	0.0	0.0	0.0	0.0	0.0	0.0	0.0	0.0	0.0	0.0	0.0	0.0	0.0	0.0	0.0	0.0	0.0	0.0	0.0	0.0	0.0	0.0	0.0	0.0	0.0	0.0	0.0	0.0	0.0	0.0	0.0	0.0	0.0	0.0	0.0	0.0	0.0	0.0	0.0	0.0	0.0	0.0	0.0	0.0	0.0	0.0	0.0	0.0	0.0	0.0	0.0	0.0	0.0	0.0	0.0	0.0	0.0	0.0	0.0	0.0
329.1983485864656	-7.481752035370221	108371.55271205613	55.97661351876644	236.2904055980576	-0.779727457134527	55833.15577769456	0.6079749074094756	227.70259947359227	-0.3999439143525194	0.15995513462761538	51848.473807031194	1.0669799999999998	49.864361	0.23386190000000004	0.0135082034	-0.040494317200000005	-0.07508055129999999	-0.055144430700000004	0.0457694245	-0.09394937800000001	0.046550963	0.0001342207	0.047731916299999996	-0.0099673338	-0.1031081312	-0.0687273893	0.0404397644	-0.0951901895	0.01272781	0.0311101656	0.0242353578	-0.0012319536999999998	0.027477004300000003	-0.06969135629999999	-0.020798871599999998	-0.07943348139999999	0.0028090553	0.0289258514	0.0468927621	-0.0376737515	0.0154087527	-0.1297260532	0.041098316600000004	-0.027042988599999998	0.0432020442	0.0529448444	0.0212385769	0.023532624199999998	-0.126532853	0.057173988099999996	0.0036083792999999998	-0.031877945899999996	0.0433343976	-0.0625328198	0.0591303098	-0.058520633600000004	0.021947695	0.105040651	0.0760979033	0.0702611917	0.0369622449	-0.025017575299999997	-0.0371903106	0.0295734057	-0.0321740634	-0.1375944673	-0.0604249064	-0.0441315512	0.0801835621	-0.0861184775	-0.0402327102	-0.0330895011	-0.0703434569	-0.0819849986	0.0765771804	-0.024264721800000003	0.0945216627	0.0112977361	0.014022498799999998	-0.041123764199999996	0.008961929	-0.018640323700000003	0.0537962478	0.011641854699999999	0.10158582710000001	-0.0324788566	-0.0624736029	0.002489433	-0.05334398519999999	-0.0727727324	-0.046698489100000004	-0.0094850381	0.1194343965	-0.0143615254	0.047054190700000005	-0.0419403012	-0.0269909064	0.1512292989	0.015645591299999997	0.0099541035	-0.027638450499999998	-0.0587858072	-0.0760749319	-0.041592525	-0.012968843700000001	0.07862902150000001	-0.008816773299999999	-0.0196998168	0.0028624646	0.0154221494	-0.0400609867	0.049882105700000005	0.0265886398	0.0932380494	0.0026949166999999997	0.0146772719	-0.0221357596	0.059627806900000004	-0.016260386	-0.0805130088	-0.08715231550000001	-0.0314273661	0.0467863066	0.09152074019999999	0.07076497030000001	-0.0006286365	-0.176771	-0.04949800000000002	0.031247986441000006	0.0024500520040000016	-0.0549976	-0.06555810000000001	0.00429786447561	0.0030247360057599998	-0.0775989	-0.021032800000000004	0.0004423786758400002	0.00602158928121	0.00230399	0.0004846300000000002	5.3083699201000016e-06	2.3486623690000018e-07	0.00183171	0.0008959700000000002	8.027622409000002e-07	3.3551615241e-06	-0.00348482	-0.00057486	1.21439704324e-05	3.3046401959999995e-07	0.0	0.0	0.0	0.0	0.0	0.0	0.0	0.0	0.0	0.0	0.0	0.0	0.0	0.0	0.0	0.0	0.0	0.0	0.0	0.0	0.0	0.0	0.0	0.0	0.0	0.0	0.0	0.0	0.0	0.0	0.0	0.0	0.0	0.0	0.0	0.0	0.0	0.0	0.0	0.0	0.0	0.0	0.0	0.0	0.0	0.0	0.0	0.0	0.0	0.0	0.0	0.0	0.0	0.0	0.0	0.0	0.0	0.0	0.0	0.0	0.0	0.0	0.0	0.0	0.0	0.0	0.0	0.0	0.0	0.0	0.0	0.0	0.0	0.0	0.0	0.0	0.0	0.0	0.0	0.0	0.0	0.0	0.0	0.0	0.0	0.0	0.0	0.0	0.0
339.0912208770672	9.892872290601588	114982.85607589998	97.86892215815271	238.47754912719486	2.1871435291372734	56871.54143771363	4.783596817047047	229.58971516185284	1.8871156882605649	3.5612056208791447	52711.43730810072	0.941355	43.993389	0.311393	-0.0047882621	-0.043451448200000006	0.0113462896	-0.07580084	-0.0270538837	0.010641983300000001	-0.0352518269	-0.0030478833	-0.0288885848	0.011942754299999999	-0.11908930220000001	-0.0287494459	0.1132149031	0.0437831368	0.0625733966	0.06684306129999999	-0.014873538799999999	-0.0637868904	-0.0379004416	0.011325241000000002	-0.045749098200000005	0.0671427147	0.0104485294	-0.037918228	0.0643964121	-0.05528499480000002	-0.0497674101	-0.0128577626	-0.0778397954	0.022099234500000002	-0.0813807715	-0.0661682963	-0.0380522579	-0.0334387843	-0.0713578634	-0.0299256754	0.066734553	0.0902713069	0.0662589451	-0.008491229599999999	-0.007973519699999999	-0.0490363327	-0.1159236409	0.06827471660000001	-0.005746573299999999	-0.0617907674	0.0407079185	-0.01113504	0.0445770193	-0.09003927949999999	-0.0180926998	-0.046900726799999994	-0.0048801882	0.0224708863	-0.012666759	0.037038291699999996	0.0225100513	-0.0174145246	-0.0695352065	-0.1076080199	0.0161780245	-0.1392245481	-0.0271978889	0.0667066028	-0.027919125899999998	-0.0215068427	0.0193228375	-0.025861150299999996	-0.0609352864	0.0393643157	-0.0133518634	0.0455640137	-0.0696701782	-0.07379183610000001	0.0741608781	-0.059958360999999995	-0.0268906018	-0.0722199743	0.017318508	-0.0001148851	0.007941519000000001	0.0622628074	0.014527508	0.0267603365	-0.0725593529	-0.0199279285	-0.06122672570000001	0.0239113629	0.07267952820000001	-0.0176474521	-0.0604699395	-0.127926561	-0.0116851163	-0.0081376786	-0.0359141151	-0.005674685600000001	-0.0775005332	0.056042522000000004	-0.09532056650000001	-0.035350083500000004	0.0285152212	0.057063860999999994	0.0092100445	0.0586586275	-0.018729823899999998	-0.0823246123	-0.08529107009999999	-0.025444536	0.053140741	0.09259028039999999	0.0638512918	-0.0119112676	-0.141899	0.034872000000000014	0.020135326201	0.001216056384000001	-0.199971	-0.1449734	0.02101728670756	0.039988400841000006	-0.167071	-0.0894721	0.00800525667841	0.027912719041	0.00298303	0.0006790399999999997	8.898467980899999e-06	4.6109532159999964e-07	0.00183171	0.0	0.0	3.3551615241e-06	-0.00364729	-0.00016247000000000006	1.33027243441e-05	2.639650090000002e-08	0.0	0.0	0.0	0.0	0.0	0.0	0.0	0.0	0.0	0.0	0.0	0.0	0.0	0.0	0.0	0.0	0.0	0.0	0.0	0.0	0.0	0.0	0.0	0.0	0.0	0.0	0.0	0.0	0.0	0.0	0.0	0.0	0.0	0.0	0.0	0.0	0.0	0.0	0.0	0.0	0.0	0.0	0.0	0.0	0.0	0.0	0.0	0.0	0.0	0.0	0.0	0.0	0.0	0.0	0.0	0.0	0.0	0.0	0.0	0.0	0.0	0.0	0.0	0.0	0.0	0.0	0.0	0.0	0.0	0.0	0.0	0.0	0.0	0.0	0.0	0.0	0.0	0.0	0.0	0.0	0.0	0.0	0.0	0.0	0.0	0.0	0.0	0.0	0.0
320.5483421577321	-18.54287871933508	102751.23966007053	343.8383511999698	235.3539992926079	-3.123549834586953	55391.50498302488	9.75656356914818	227.25967285609008	-2.33004230576276	5.429097146644239	51646.95890665709	1.26966	59.336437	0.373345	0.0886568	-0.10023639949999999	0.027203914300000003	0.1689336918	0.1472028921	0.0777372418	0.1644580497	0.0538077971	-0.0733354633	-0.0670800344	-0.0197074736	0.0745233658	-0.0498900468	-0.042489791900000004	0.031593108599999996	-0.0569604578	-0.1045234504	0.1439697899	-0.0026841576	0.0054255699	-0.0891768376	-0.0455616671	0.0627994865	-0.0546542564	-0.022082777999999997	0.1211422934	-0.0694448991	-0.10940955890000001	-0.0056625001000000005	8.13933e-05	-0.0528452842	-0.010770928999999999	0.0173936737	0.1126907067	-0.0619824164	0.0204188188	-0.0060664583999999995	-0.120634508	0.0291102073	0.004448146	-0.0975657431	0.0890121292	-0.0034164506	0.0283170261	0.0817465515	0.039285028199999995	0.012290600700000001	-0.17173902149999998	-0.082477955	0.114368361	-0.0831943598	0.1111629404	-0.029010185600000002	-0.14185426	-0.09479500589999999	-0.025773727799999997	-0.0783527693	0.12414126029999999	-0.128264648	0.0348320227	-0.0009078271000000001	0.1297367902	-0.032961981200000004	0.0526287895	0.08192576139999999	0.1639209431	-0.1042668238	0.1182993634	0.0037596899	0.09526700769999999	0.023459140099999998	0.0135589163	-0.0069261673	0.0594473555	-0.029493370699999997	-0.028210035699999997	0.0223439115	0.052153158899999996	0.0850652241	0.0284104599	-0.0186201455	-0.010846618	0.1618508883	0.012112538	0.0312364133	0.0876075214	-0.0713665981	-0.034336578900000005	-0.0196607072	0.0621154932	-0.007751361999999999	-0.047344337800000004	0.005944341999999999	0.0446153797	0.0089985768	-0.0254363529	-0.022197397599999998	0.008382798	0.040047161	0.0857439705	-0.14783311	-0.011550263	-0.16150998390000001	0.0576786922	-0.0211855248	-0.0840003732	-0.0831796512	-0.0193451075	0.0591445729	0.09282851630000001	0.056189015300000006	-0.0230172018	-0.16711099999999998	-0.025211999999999984	0.027926086320999997	0.0006356449439999993	-0.14376100000000006	0.05620999999999995	0.003159564099999995	0.020667225121000016	-0.296159	-0.129088	0.016663711743999998	0.087710153281	0.00395896	0.0009759300000000004	1.56733642816e-05	9.524393649000006e-07	0.00313613	0.00130442	1.7015115363999997e-06	9.8353113769e-06	-0.00462364	-0.00097635	2.13780468496e-05	9.532593225e-07	0.0	0.0	0.0	0.0	0.0	0.0	0.0	0.0	0.0	0.0	0.0	0.0	0.0	0.0	0.0	0.0	0.0	0.0	0.0	0.0	0.0	0.0	0.0	0.0	0.0	0.0	0.0	0.0	0.0	0.0	0.0	0.0	0.0	0.0	0.0	0.0	0.0	0.0	0.0	0.0	0.0	0.0	0.0	0.0	0.0	0.0	0.0	0.0	0.0	0.0	0.0	0.0	0.0	0.0	0.0	0.0	0.0	0.0	0.0	0.0	0.0	0.0	0.0	0.0	0.0	0.0	0.0	0.0	0.0	0.0	0.0	0.0	0.0	0.0	0.0	0.0	0.0	0.0	0.0	0.0	0.0	0.0	0.0	0.0	0.0	0.0	0.0	0.0	0.0
330.6551069305549	10.106764772822773	109332.79973925668	102.14669417317131	236.2740082885464	0.9200089959385024	55825.406992736105	0.8464165526077715	228.70404680947482	1.4443739533847406	2.086216117216265	52305.54102703045	1.192191	55.716003	0.4387734999999999	0.1210616583	0.091619567	0.0671049202	0.0649010702	0.1474480291	0.0468573754	-0.0037601571	0.0239880329	0.0363794418	0.0622285222	0.109566965	0.0993132006	-0.0157335756	-0.0530079959	-0.0524770705	-0.0665528389	-0.0105003135	0.0854396207	0.06296815530000001	0.0155825093	-0.0444557541	-0.05573232349999999	0.12853296949999998	-0.07126965019999999	0.1006932239	-0.09995974269999999	-0.0067586971	-0.1060726534	-0.0078477514	-0.0795883362	0.06701290139999999	-0.004712314699999999	-0.0782341837	0.022592247200000002	0.0282053552	-0.0415779876	-0.0264295767	-0.0712040421	-0.19186251059999998	0.013406825700000001	-0.0373311919	0.013938184	0.1298129206	-0.0702193728	-0.0181413505	-0.0251917533	-0.0443313607	-0.0060393439	-0.1665040867	0.0251699959	0.0305367764	0.0829155974	0.0465226862	-0.1522815301	-0.0584009192	0.0066235009999999995	-0.027896066	0.021888252200000003	0.10697494869999999	0.0033098171	-0.09572203580000001	0.0909988748	0.06800337320000001	-0.06931513360000001	0.0403836471	0.0578734757	-0.0546744533	0.039155102000000004	-0.0130550163	-0.005701003100000001	0.11210108460000001	0.0861722964	0.009049328	-0.0040702735999999995	-0.016278068899999998	-0.1413141957	0.0477692135	0.135684036	-0.0362689189	-0.0178787349	0.1804010277	0.0050003322	0.0278303169	-3.5002999999999998e-06	-0.042034890199999994	0.0003916136	0.0432930225	-0.045714484699999995	-0.0042710084999999995	0.13485881060000002	-0.043369886100000005	-0.0706541847	0.0043137476	-0.0512920669	0.0579463891	-0.0249727605	0.0511631036	-0.034019450699999995	0.0044311577000000005	0.030129037	-0.0767877909	0.0389196943	0.1427984021	0.0566881805	-0.023625687700000002	-0.08553752619999999	-0.0808242521	-0.013157031000000001	0.0647581913	0.09223330880000001	0.0478679739	-0.0337816886	-0.100868	0.06624299999999997	0.010174353423999999	0.004388135048999997	0.129157	0.27291800000000005	0.07448423472400002	0.016681530649	-0.31338	-0.017220999999999986	0.0002965628409999995	0.0982070244	0.00352234	-0.00043662	1.24068790756e-05	1.906370244e-07	0.00235046	-0.00078567	6.172773489e-07	5.5246622116e-06	-0.0041981	0.0004255400000000003	1.7624043609999993e-05	1.8108429160000024e-07	0.0	0.0	0.0	0.0	0.0	0.0	0.0	0.0	0.0	0.0	0.0	0.0	0.0	0.0	0.0	0.0	0.0	0.0	0.0	0.0	0.0	0.0	0.0	0.0	0.0	0.0	0.0	0.0	0.0	0.0	0.0	0.0	0.0	0.0	0.0	0.0	0.0	0.0	0.0	0.0	0.0	0.0	0.0	0.0	0.0	0.0	0.0	0.0	0.0	0.0	0.0	0.0	0.0	0.0	0.0	0.0	0.0	0.0	0.0	0.0	0.0	0.0	0.0	0.0	0.0	0.0	0.0	0.0	0.0	0.0	0.0	0.0	0.0	0.0	0.0	0.0	0.0	0.0	0.0	0.0	0.0	0.0	0.0	0.0	0.0	0.0	0.0	0.0	0.0
341.4308659171986	10.775758986643725	116575.03620096805	116.11698173823295	238.9221344525211	2.6481261639746947	57083.78633134857	7.01257218032733	231.53106832492588	2.8270215154510647	7.992050648823238	53606.635599681504	1.153985	53.930485	0.2461907	-0.0336178994	0.1540657218	0.0518578679	-0.030026837	-0.0254279045	-0.0385949913	-0.1131952038	-0.010605595700000001	0.0416278807	0.0772593146	0.0760776694	0.0397588411	0.0742024971	0.0019786041	0.0535901145	-0.0512851254	-0.1557305584	-0.0305017281	0.0568829121	0.08598116	0.0784608297	-0.0123218354	0.1376005576	-0.032743479900000004	0.0439298197	-0.051591414599999996	0.013691183	0.0611820828	-0.0049501573	0.0329341499	0.0974693436	-0.0119106948	0.0140663027	0.0440241678	0.023584671600000003	0.0937443937	0.0373492059	0.004234578	0.0762650528	0.030365514500000006	0.0214086643	0.139261506	-0.007001798399999999	0.0132986019	0.014035670200000001	0.014120803400000001	0.059577045	0.1334324757	-0.0072892792	-0.0331162079	0.0726454317	0.0021483279	0.031548846	0.0184837258	0.057163359500000004	0.03927823	0.0403806194	-0.0258379615	0.10615154619999999	-0.0169102957	-0.0673321969	-0.07746136690000001	0.0222649085	0.0487280025	-0.049964289800000006	0.1860273892000001	0.0103775311	0.021349770299999998	-0.082951197	-0.041716542200000005	0.11352296880000001	0.0571974642	0.0391090561	-0.0558352376	0.0960515698	-0.047295373700000004	0.0134658499	-0.0006299995	-0.0393086219	-0.054934187	-0.10393642089999999	0.0176644472	-0.0308872468	0.0649095142	0.0166127758	0.0272118891	0.0245474785	0.0015390381	-0.0414132055	0.010805168200000001	0.040063644	0.10616196050000001	-0.11142990189999999	-0.026010208700000002	-0.0364299172	0.0345359616	-0.0194589271	0.016745463500000002	0.051789735700000006	-0.0469022824	0.009479520200000001	-0.0314798585	-0.0214185202	0.0556872742	-0.0260485229	-0.0869335349	-0.07823178160000001	-0.006908663000000001	0.0699445598	0.09081000199999999	0.0389857244	-0.044045043	-0.111704	-0.010835999999999998	0.012477783616	0.00011741889599999995	0.0633683	-0.06578869999999999	0.004328153047689999	0.00401554144489	-0.21020100000000005	0.10317899999999997	0.010645906040999992	0.04418446040100001	0.00304779	-0.0004745500000000002	9.2890238841e-06	2.2519770250000025e-07	0.00202273	-0.00032773000000000004	1.0740695290000002e-07	4.0914366529e-06	-0.00367264	0.0005254599999999997	1.34882845696e-05	2.761082115999997e-07	0.0	0.0	0.0	0.0	0.0	0.0	0.0	0.0	0.0	0.0	0.0	0.0	0.0	0.0	0.0	0.0	0.0	0.0	0.0	0.0	0.0	0.0	0.0	0.0	0.0	0.0	0.0	0.0	0.0	0.0	0.0	0.0	0.0	0.0	0.0	0.0	0.0	0.0	0.0	0.0	0.0	0.0	0.0	0.0	0.0	0.0	0.0	0.0	0.0	0.0	0.0	0.0	0.0	0.0	0.0	0.0	0.0	0.0	0.0	0.0	0.0	0.0	0.0	0.0	0.0	0.0	0.0	0.0	0.0	0.0	0.0	0.0	0.0	0.0	0.0	0.0	0.0	0.0	0.0	0.0	0.0	0.0	0.0	0.0	0.0	0.0	0.0	0.0	0.0
336.37720126798075	-5.053664649217866	113149.62153287962	25.53952638675432	238.45154739838352	-0.4705870541375816	56859.140456683555	0.2214521755218872	230.54487230123783	-0.986196023688052	0.9725825971381248	53150.938144394066	1.2077639999999998	56.44380200000001	1.10330425	-0.0679165637	-0.0308288725	-0.0041889363	-0.021835844500000003	-0.0842138854	-0.0165436483	0.0319697184	-0.026033667000000003	0.021934833100000002	-0.0175323224	-0.08591984009999999	0.0087927389	0.0662164665	-0.1534608846	0.0741113882	0.0412404864	-0.0212022656	-0.0832853	-0.011096785900000001	0.029713503199999998	-0.0324661036	-0.027137850499999998	-0.0790287928	0.0005002878	0.0076153381000000015	0.0201324397	-0.10031859050000001	0.1068101242	-0.0242184558	0.0103055671	0.0020917906	0.030333024700000006	-0.0308018381	0.0088218165	-0.0725360633	-0.0602472846	0.0127360725	-0.0849320717	-0.059573660199999996	-0.0480058085	-0.0704567036	0.052744616200000004	0.012676772	-0.0709925106	0.0218605781	-0.063822077	0.0549146171	0.0408853771	0.0581422193	-0.0128239476	-0.061224250599999995	-0.0552503462	0.040832659900000005	0.0860450497	0.0080091568	-0.051075643899999995	0.002290112	0.0142703721	-0.0901554091	-0.0583373288	0.0294384919	-0.0527980293	0.1552339872	0.0862064685	-0.0183138754	0.0023101135999999997	0.0456182322	0.0795424601	0.0303149144	-0.0159555321	-0.0085381607	-0.0128224029	-0.033558866	0.0040939436	0.0186843314	0.1134798043	0.0707733696	-0.06302624030000001	0.0075799164	0.0314864386	0.0374422681	0.0095888634	0.1381829357	-0.0645849027	-0.0401681918	-0.0066694253	0.09924166220000001	0.058483823399999996	0.0011744322	-0.0014262713	0.024472328199999997	-0.0312223669	0.0088537509	-0.1658698441	-0.047861927199999994	0.0808059988	-0.08923130789999999	0.05325049	-0.0123491219	0.0176445034	-0.0031054251000000002	0.0331262394	0.0333441225	0.0546761568	-0.0284522534	-0.0881860959	-0.0754098437	-0.0006286365	0.07466946049999999	0.0885713748	0.0296464028	-0.053655013700000004	-0.05945830000000001	0.052245699999999985	0.003535289438890001	0.00272961316849	-0.343022	-0.4063903	0.16515307593408998	0.117664092484	0.0678184	0.2780194	0.07729478677636002	0.004599335378560001	-3.6463e-05	-0.003084253	1.3295503689999999e-09	9.512616568009e-06	-0.000318774	-0.002341504	5.482640982015999e-06	1.01616863076e-07	-0.00176542	0.00190722	3.1167077764e-06	3.6374881284e-06	0.0	0.0	0.0	0.0	0.0	0.0	0.0	0.0	0.0	0.0	0.0	0.0	0.0	0.0	0.0	0.0	0.0	0.0	1.0	0.0	0.0	0.0	0.0	0.0	0.0	0.0	0.0	0.0	0.0	0.0	0.0	0.0	0.0	0.0	0.0	0.0	0.0	0.0	0.0	0.0	0.0	0.0	0.0	0.0	0.0	0.0	0.0	0.0	0.0	0.0	0.0	0.0	0.0	0.0	0.0	0.0	0.0	0.0	0.0	0.0	0.0	0.0	0.0	0.0	0.0	0.0	0.0	0.0	0.0	0.0	0.0	0.0	0.0	0.0	0.0	0.0	0.0	0.0	0.0	0.0	0.0	0.0	0.0	0.0	0.0	0.0	0.0	0.0	0.0
332.0325180634977	-4.344683204483033	110245.59305158694	18.87627214731696	238.6657151352008	0.21416773681727366	56961.323580996825	0.04586781949343298	229.98027753664883	-0.5645947645890033	0.318767248201312	52890.928055834025	1.032036	48.231319	0.2648306	-0.126248586	-0.0573462047	-0.0007134033	0.0555873422	-0.11105253890000001	0.024859799900000003	0.0644715216	0.007671065	0.0390003086	-0.0568003547	-0.0121749248	-0.0320277919	0.0024747467999999997	0.0521497206	0.0345846967	-0.0230953678	0.0192077313	-0.0407551991	-0.1034573389	-0.06452929	0.0076086156	-0.0316686707	0.0067920559999999994	0.0044146723	-0.028691690099999997	0.0058984832	-0.006696233	0.0061354383	-0.0234085529	-0.0481409955	0.0875578109	-0.0100289473	0.08617310310000001	0.0844194878	0.0376878011	-0.13233874210000002	0.0033455196999999997	0.0528726995	-0.0753899994	-0.0159835677	0.0568825292	-0.0782909662	0.028939474500000006	0.0518726648	-0.0884311467	0.0510061271	0.0219330888	0.0307300091	0.1068224609	0.0654452578	-0.0785200861	0.0419820054	0.0082328056	0.1126465643	-0.0359378798	-0.048911372800000005	-0.0331773619	-0.055304581299999996	-0.0390569869	0.0253844116	0.0152713428	-0.0426120952	-0.04520333309999999	0.013906016	0.0269759943	-0.0982548683	0.0379544489	0.06600965360000001	0.021223874900000002	-0.050274104900000005	0.0328923372	-0.0093965549	0.0361510792	0.0102828039	0.0196006949	-0.0093643671	-0.045261522199999994	0.1618146063	-0.0388666426	0.0712180697	-0.1299038525	-0.085074607	-0.0308679711	-0.025024346	-0.0631276724	-0.009994955500000001	0.1333574783	0.0511681194	0.0015185378	-0.0062794758999999995	-0.0036450782	-0.0076131111	-0.0126912088	0.0621198543	0.0651799777	-0.0404192851	-0.0815062577	-0.1761619842	-0.0164072975	0.0476161267	0.0416255698	-0.0700072087	-0.036512329100000004	0.053655013700000004	-0.030835116099999997	-0.08929314220000001	-0.0723667158	0.0056542708	0.0789017205	0.08553752619999999	0.0199595043	-0.06246904230000001	-0.0449053	0.014553000000000003	0.00201648596809	0.0002117898090000001	-0.38942	-0.046398	0.0021527744039999998	0.15164793640000002	0.171085	0.1032666	0.010663990675559995	0.029270077225	0.000765268	0.0008017310000000001	5.856351118239999e-07	6.427725963610003e-07	0.000423015	0.0007417890000000001	5.502509205210001e-07	1.78941690225e-07	-0.00129668	0.00046874	1.6813790223999997e-06	2.1971718760000005e-07	0.0	0.0	0.0	0.0	0.0	0.0	0.0	0.0	0.0	0.0	0.0	0.0	0.0	0.0	0.0	0.0	0.0	0.0	0.0	0.0	0.0	0.0	0.0	0.0	0.0	0.0	0.0	0.0	0.0	0.0	0.0	0.0	0.0	0.0	0.0	0.0	0.0	0.0	0.0	0.0	0.0	0.0	0.0	0.0	0.0	0.0	0.0	0.0	0.0	0.0	0.0	0.0	0.0	0.0	0.0	0.0	0.0	0.0	0.0	0.0	0.0	0.0	0.0	0.0	0.0	0.0	0.0	0.0	0.0	0.0	0.0	0.0	0.0	0.0	0.0	0.0	0.0	0.0	0.0	0.0	0.0	0.0	0.0	0.0	0.0	0.0	0.0	0.0	0.0
336.82126338759497	4.788745324097249	113448.56347001562	22.932081779063267	238.17051245575385	-0.4952026794469475	56725.1930034364	0.24522569373143624	230.27901509663312	0.2987375599842892	0.08924412974536679	53028.42479387538	1.2760049999999998	59.632961	0.74304345	-0.0440482009	-0.0036181215000000004	-0.0006184939	-0.0040218244	-0.0303887083	0.017753008600000002	-0.0136935792	0.0775208325	-0.0028202678000000003	0.015573358700000001	0.0793914235	-0.075375611	-0.057614157199999995	0.1430707247	-0.0758988151	0.084058014	0.0005824685	0.0369263513	-0.014395156499999999	0.0328892058	0.0624984898	0.0478121161	-0.0540310125	-0.0167126178	-0.0099815888	-0.0243006375	-0.08663622019999999	-0.0429916446	0.0651813956	-0.042318520899999996	0.0372679984	-0.003875253	0.024754235099999997	0.0299805606	0.0400396271	0.030618063199999997	0.08459020240000001	-0.0381422636	0.050975371	0.0302998565	0.0964867809	0.0241043271	0.0161313802	0.06617740309999999	0.1097599935	0.0684766275	0.0003632213	0.015042759499999999	0.049639008600000006	-0.025296111099999997	0.0062527715000000005	0.0629539049	-0.019572005	0.0252364223	-0.008376794	0.047012533200000005	-0.0714746326	-0.0399455134	0.0785590806	0.08375962769999999	0.0323293385	0.0186578138	-0.134287931	-0.0024852106	-0.0414578969	-0.04742805889999999	-0.0361059642	-0.07817724849999999	0.0348848524	-0.0288411713	-0.1053103685	-0.0841466205	-0.0141506952	-0.053910753799999996	0.0236573773	-0.0169277047	0.015215478400000001	0.0538373287	-0.0156322195	-0.0126028052	-0.0618010707	0.0318667633	0.0014726779999999998	-0.054768085700000003	-0.0051860229	-0.0095365096	-0.08815922220000001	0.022069113900000003	0.0011529868	-0.0329177586	-0.0250614134	-0.0078623049	-0.0532416722	0.029961424599999998	0.08254505690000001	0.0539826045	-0.0376211717	0.0759404624	0.17236476609999998	0.0904107812	-0.06969228599999999	0.0481015084	-0.0323263747	0.0526240321	-0.0331953636	-0.0902528472	-0.0691113238	0.0119112676	0.08261341679999999	0.08173569509999999	0.0100385988	-0.0703563777	-0.185978	-0.1410727	0.034587816484	0.01990150668529	-0.0182147	0.3712053	0.13779337474808998	0.00033177529609	0.0476183	-0.12346669999999997	0.015244026008889997	0.0022675024948900003	0.000765268	0.0	5.856351118239999e-07	0.0	-0.0013016700000000006	-0.0017246850000000005	2.9745383492250018e-06	1.6943447889000016e-06	-0.00171797	-0.00042129000000000016	2.9514209209000008e-06	1.7748526410000016e-07	0.0	0.0	0.0	0.0	0.0	0.0	0.0	0.0	0.0	0.0	0.0	0.0	0.0	0.0	0.0	0.0	0.0	0.0	0.0	1.0	0.0	0.0	0.0	0.0	0.0	0.0	0.0	0.0	0.0	0.0	0.0	0.0	0.0	0.0	0.0	0.0	0.0	0.0	0.0	0.0	0.0	0.0	0.0	0.0	0.0	0.0	0.0	0.0	0.0	0.0	0.0	0.0	0.0	0.0	0.0	0.0	0.0	0.0	0.0	0.0	0.0	0.0	0.0	0.0	0.0	0.0	0.0	0.0	0.0	0.0	0.0	0.0	0.0	0.0	0.0	0.0	0.0	0.0	0.0	0.0	0.0	0.0	0.0	0.0	0.0	0.0	0.0	0.0	0.0
334.1156489376338	-2.7056144499611605	111633.26686501616	7.320349551838633	238.05177941961688	-0.11873303613697316	56668.64968484593	0.014097533870303776	229.57873152908672	-0.7002835675463928	0.4903970749755032	52706.39397050448	1.115612	52.137138	0.1528276	0.0084434987	0.050239626399999994	-0.09751857359999999	0.014947198200000001	-0.0045118349	-0.1058449353	-0.0086076126	-0.032205074300000004	-0.0317071552	-0.0252366264	0.06628428559999999	-0.0274602494	-0.0614382016	-0.0155374692	-0.0696199591	0.09899915140000001	-0.0394381232	0.026099399300000003	0.0006987752000000001	-0.1121471639	0.0574854859	-0.17960109	-0.10416858429999999	0.059541868899999996	-0.0625342913	-0.03129777	0.0093705524	0.006252074	0.046921626900000006	0.0340121159	-0.0155130198	-0.050573889000000004	-0.0034221334	0.0655033975	-0.0474640407	0.08414170060000001	0.1015802269	-0.0289580404	-0.023230428199999997	0.11495909900000001	-0.0177431372	-0.013839493999999999	0.06883700150000001	-0.017668611100000002	-0.0323560952	0.032944481	-0.0362136328	-0.0174183046	0.012067483200000001	0.064649546	0.1114746953	-0.027655351	-0.013652426499999998	0.0075357775	0.10650533449999999	-0.0215885318	0.0254830597	0.0098763169	0.0272018743	0.0510457121	0.0258612852	0.050668291100000006	0.013909321799999999	0.013036492700000001	-0.1236041434	-0.05750309	-0.081760029	-0.08607435460000001	0.1616758205	-0.0475553971	0.06700498719999999	-0.06298762570000001	-0.0541287219	-0.0149006891	-0.0253457203	0.0995108925	-0.033582368700000004	0.001701217	0.0779252937	0.0080985212	-0.0449380349	0.0574870769	0.0096740984	-0.0888068311	0.0608439567	-0.0363318837	-0.022804733100000002	-0.0443285023	-0.000872336	0.1181235124	0.0389151134	0.020187006299999997	-0.0132343049	-0.0065450525	0.0638440718	0.00241352	0.048604498499999996	0.030179304900000002	0.07721277900000001	-0.0399545849	0.0253157848	0.051875291	-0.055378341399999996	0.051583401200000004	-0.0355312647	-0.09106362720000001	-0.06565321639999999	0.0181136817	0.0857800611	0.0772000154	0.0	-0.0772000154	-0.18419	0.001787999999999984	0.033925956100000015	3.196943999999943e-06	0.0285648	0.0467795	0.00218832162025	0.0008159477990399999	0.0100124	-0.037605900000000005	0.0014142037148100006	0.00010024815376	-0.000405346	-0.001170614	1.64305379716e-07	1.3703371369959999e-06	-0.00115806	0.00014361000000000059	2.0623832100000176e-08	1.3411029636e-06	-0.00169911	1.88600000000001e-05	2.8869747921e-06	3.5569960000000377e-10	0.0	0.0	0.0	0.0	0.0	0.0	0.0	0.0	0.0	0.0	0.0	0.0	0.0	0.0	0.0	0.0	0.0	0.0	0.0	0.0	0.0	0.0	0.0	0.0	0.0	0.0	0.0	0.0	0.0	0.0	0.0	0.0	0.0	0.0	0.0	0.0	0.0	0.0	0.0	0.0	0.0	0.0	0.0	0.0	0.0	0.0	0.0	0.0	0.0	0.0	0.0	0.0	0.0	0.0	0.0	0.0	0.0	0.0	0.0	0.0	0.0	0.0	0.0	0.0	0.0	0.0	0.0	0.0	0.0	0.0	0.0	0.0	0.0	0.0	0.0	0.0	0.0	0.0	0.0	0.0	0.0	0.0	0.0	0.0	0.0	0.0	0.0	0.0	0.0
334.6272973181259	0.5116483804920904	111975.42811043342	0.2617840652601789	238.72593690862143	0.674157489004557	56990.0729528991	0.4544883199809294	230.66153992492409	1.0828083958373609	1.1724740220958794	53204.74600053735	1.21651	56.852528	0.740017815	-0.11770572	-0.1144163069	-0.004151086	-0.0612172782	-0.1092667826	-0.0233235839	0.061615529400000014	0.023561459700000002	-0.0114249481	-0.0012610431	-0.0689524915	-0.10032539439999999	-0.0071954099	-0.0346309777	0.0092425318	-0.1265919843	0.0356734904	0.025572061200000003	-0.0451737593	0.0641080162	0.0541875383	0.0403085504	0.0028796492	-0.0369371191	-0.057804617999999995	0.164995113	0.0107712175	-0.0347222311	-0.0189272341	0.031600849199999996	0.0739131352	-0.1094290419	0.056962577199999996	-0.0241272181	0.0324140805	0.0428196687	0.0350022316	0.0837037585	0.1580772526	0.0308911165	0.0357381278	-0.0339088476	-0.11360822429999999	-0.0262825682	-0.0196467028	0.0655842083	-0.09358161470000001	0.0057486054000000005	0.1225450584	-0.0115247647	-0.09679995529999999	-0.0453870239	-0.0367888014	0.1059324461	0.022102113700000002	-0.025192116400000002	-0.049188253099999996	0.0260688656	-0.07143715610000001	0.0034819190000000004	0.1101340275	-0.0535082905	-0.0229837948	-0.0919219649	0.038678099300000005	-0.0034698169	-0.0036221273	0.022315789300000003	-0.1411576966	-0.0029481346999999996	-0.059384717999999996	-0.0237093756	-0.0557289831	0.0580727831	0.18448787449999998	-0.043510286399999994	-0.021898939	0.0006303033	-0.006898481	-0.0517016087	-0.0910035292	0.0043530796	0.0091656183	-0.0982397515	0.0092179663	-0.0091341255	-0.0163217235	-0.0222097796	-0.0291320627	0.0500935957	-0.0333796015	-0.053880087199999996	0.12130423119999999	0.1062044874	0.0961607786	-0.14026473890000002	-0.10343632550000001	-0.08576486529999999	0.0643884983	0.029737557400000007	0.0788293489	-0.0003736657	-0.1205959439	0.050533311500000004	-0.0378411062	-0.0917241444	-0.062002536799999994	0.0242330906	0.0883807611	0.07197121	-0.0100385988	-0.0828984341	-0.0312413	0.15294870000000002	0.00097601882569	0.023393304831690002	-0.232929	-0.2614938	0.06837900743844001	0.054255919041	0.17966299999999996	0.16965059999999996	0.028781326080359982	0.03227879356899998	0.00111743	0.001522776	1.2486498049e-06	2.318846746176e-06	1.63683e-05	0.0011744283	1.37928183184089e-06	2.6792124489000003e-10	-0.0021204	-0.00042129000000000016	4.4960961600000005e-06	1.7748526410000016e-07	0.0	0.0	0.0	0.0	0.0	0.0	0.0	0.0	0.0	0.0	0.0	0.0	0.0	0.0	0.0	0.0	0.0	0.0	0.0	0.0	1.0	0.0	0.0	0.0	0.0	0.0	0.0	0.0	0.0	0.0	0.0	0.0	0.0	0.0	0.0	0.0	0.0	0.0	0.0	0.0	0.0	0.0	0.0	0.0	0.0	0.0	0.0	0.0	0.0	0.0	0.0	0.0	0.0	0.0	0.0	0.0	0.0	0.0	0.0	0.0	0.0	0.0	0.0	0.0	0.0	0.0	0.0	0.0	0.0	0.0	0.0	0.0	0.0	0.0	0.0	0.0	0.0	0.0	0.0	0.0	0.0	0.0	0.0	0.0	0.0	0.0	0.0	0.0	0.0
332.83737477482333	-1.7899225433025665	110780.71804699619	3.203822711022727	238.10329135117487	-0.6226455574465604	56693.177352262464	0.3876874902079379	228.9530796950922	-1.7084602298318714	2.9188363569171707	52419.51270186724	1.022008	47.762672	0.3412694800000001	-0.1315299344	-0.0710677812	-0.0313935064	0.0536059887	-0.1058649149	0.0141631353	0.1091687372	0.0163386614	0.0269556419	-0.0573265794	0.028471545600000002	-0.09530936179999999	-0.009411279	0.025594783	-0.030401749199999998	-0.015251136200000001	0.0606182433	0.024977125699999998	-0.059235550899999996	0.0165195088	0.046693123600000004	0.1490793409	0.014139051100000001	-0.0153058932	0.015441658	0.0905307714	-0.0763399609	-0.0587085225	-0.1593275952	-0.0251635138	0.059872533	0.1117713122	0.0573361722	-0.0159231126	0.0309686761	0.0607636862	-0.0560730588	0.1641699422	0.1116244965	0.0378582601	-0.0584934053	-0.0828882872	-0.0791281021	-0.1345280679	0.13576328470000001	-0.0329741551	-0.0649721961	-0.0006543544	0.13967733400000001	0.0553232467	-0.0642727055	0.0367985609	-0.0065309172999999995	0.1052882732	-0.021113251	-0.0830235951	-0.08309301969999999	-0.0292506342	-0.0453135111	0.0768131516	0.0466434934	-0.0025872087	-0.0413531811	-0.008757304	0.0246065466	-0.0553170056	-0.0017977065	-0.0090632254	-0.0814397366	-0.0133314855	-0.0912998332	-0.0168054897	0.0055378232999999995	0.0601496232	0.1000345409	-0.052389142300000004	0.0683743268	-0.0285376692	0.0508111983	0.0891118645	-0.0357602148	0.0325022446	-0.0152687218	0.0785637123	-0.056130670099999995	0.2137271778	-0.0260942522	0.0450702681	-0.023201512200000003	-0.0425917009	-0.0753046723	-0.025308121	0.0401706409	-0.0532408163	0.0441670553	-0.1931284168	0.0882917429	-0.0942356871	-0.1196815925	-0.004679339	0.1414848869	-0.1091196724	-0.0002019593	0.0494739559	-0.0401231939	-0.09223330880000001	-0.0581699931	0.030241452599999996	0.0903983584	0.0660962247	-0.0199595043	-0.0873671009	-0.022414	0.0088273	0.000502387396	7.792122529000001e-05	-0.271202	-0.038273	0.001464822529	0.073550524804	0.29676	0.117097	0.013711707409000002	0.08806649759999999	-5.63249e-05	-0.0011737549	3.17249436001e-09	1.37770056527401e-06	0.00117694	0.0011605717	1.34692667084089e-06	1.3851877636e-06	-0.000913283	0.0012071170000000002	8.340858380889998e-07	1.4571314516890004e-06	0.0	0.0	0.0	0.0	0.0	0.0	0.0	0.0	0.0	0.0	0.0	0.0	0.0	0.0	0.0	0.0	0.0	0.0	0.0	0.0	0.0	0.0	0.0	0.0	0.0	0.0	0.0	0.0	0.0	0.0	0.0	0.0	0.0	0.0	0.0	0.0	0.0	0.0	0.0	0.0	0.0	0.0	0.0	0.0	0.0	0.0	0.0	0.0	0.0	0.0	0.0	0.0	0.0	0.0	0.0	0.0	0.0	0.0	0.0	0.0	0.0	0.0	0.0	0.0	0.0	0.0	0.0	0.0	0.0	0.0	0.0	0.0	0.0	0.0	0.0	0.0	0.0	0.0	0.0	0.0	0.0	0.0	0.0	0.0	0.0	0.0	0.0	0.0	0.0
338.12541164099684	5.288036866173513	114328.79399739356	27.96333389801019	237.90568804273082	-0.1976033084440587	56599.11640308514	0.039047067508037804	230.16252165712098	1.2094419620287624	1.4627498595159825	52974.786375564676	1.44352	67.46163900000002	1.053592595	0.023949772999999997	0.044350857699999996	0.0079138324	-0.061721880300000004	0.0094064662	-0.0197473227	-0.0787421101	-0.030725475099999996	0.052264138700000004	-0.0029986576000000003	-0.0728428918	-0.018563987	0.0404279233	0.0804924464	0.0209143117	0.0644648972	0.0374805158	-0.0374388088	-0.0512938388	-0.0049193253	-0.0317506391	0.0728590717	0.001054905	0.030894476299999998	0.0629328291	-0.0100066076	0.12600122060000002	0.013959228700000001	0.0131449835	-0.0257113273	-0.2047329909	0.0891988875	-0.0443666206	0.0687833726	0.1108304199	0.1337192293	0.0671931284	-0.0119561464	-0.054852334800000006	-0.0336046307	0.20396571239999997	-0.060284333499999995	0.0033247996999999996	-0.1396796361	-0.041766929	-0.034117347799999996	-0.0390820103	0.0446807295	-0.0279416558	-0.0800251123	0.016532925	-0.0573480534	0.00018943259999999997	-0.012735778500000001	0.0272935536	0.0038307253	0.0510393885	-0.0801318153	-0.0085831974	-0.08461459939999999	-0.021595847	-0.057667506500000014	-0.0577758838	0.0365449515	-0.007753457900000002	-0.1004844119	0.0345871441	-0.0103357136	-0.0122026979	0.0659800126	-0.0292964378	-0.05641255730000001	0.0498623299	0.007834473	-0.1438870185	0.0459823635	-0.0128591222	0.0329851004	-0.0864301175	-0.014369040100000001	0.077090806	0.06655711190000001	-0.1078369705	0.0648603934	0.08262465990000001	0.0088756746	-0.1070601082	0.2718694472	-0.0390007385	0.017271276000000002	-0.0110076503	0.036461587000000004	-0.021403687400000003	0.0188462441	-0.0710276163	0.0634870775	-0.043180848200000004	0.0952654802	-0.0299764755	-0.11582012650000001	0.0294482906	0.0192652917	0.0419826576	0.0484055284	-0.0423758542	-0.09259028039999999	-0.0541668268	0.0361112347	0.0918195415	0.059627806900000004	-0.0296464028	-0.0905397255	-0.188541	-0.16612700000000002	0.035547708681000004	0.02759818012900001	-0.140479	0.130723	0.017088502729	0.019734349441	-0.26271700000000003	-0.559477	0.313014513529	0.06902022208900002	0.00194368	0.0020000049	3.7778919424e-06	4.00001960002401e-06	0.00159454	0.0004176	1.7438975999999997e-07	2.5425578116e-06	-0.00244099	-0.001527707	5.958432180100001e-06	2.3338886778490003e-06	0.0	0.0	0.0	0.0	0.0	0.0	0.0	0.0	0.0	0.0	0.0	0.0	0.0	0.0	0.0	0.0	0.0	0.0	0.0	0.0	0.0	1.0	0.0	0.0	0.0	0.0	0.0	0.0	0.0	0.0	0.0	0.0	0.0	0.0	0.0	0.0	0.0	0.0	0.0	0.0	0.0	0.0	0.0	0.0	0.0	0.0	0.0	0.0	0.0	0.0	0.0	0.0	0.0	0.0	0.0	0.0	0.0	0.0	0.0	0.0	0.0	0.0	0.0	0.0	0.0	0.0	0.0	0.0	0.0	0.0	0.0	0.0	0.0	0.0	0.0	0.0	0.0	0.0	0.0	0.0	0.0	0.0	0.0	0.0	0.0	0.0	0.0	0.0	0.0
327.06171322924	-11.063698411756832	106969.36426044564	122.40542254631063	236.62557722142964	-1.2801108213011787	55991.66379537476	1.6386837148123783	226.3762795964272	-3.78624206069378	14.335628942166686	51246.219963919786	1.740457	81.33873699999998	0.5571539000000001	0.1871399484	-0.07734100669999999	0.0079427456	0.0924780989	0.1702088217	0.0997876078	0.0712329344	-0.0505172997	-0.1098137941	0.015209889099999999	0.0117503769	0.048708866600000005	-0.0449719283	0.010481803199999999	0.0415724998	0.051926682800000006	-0.020719591399999997	0.12139032179999999	-0.1148776037	0.0004717815	0.0382352274	-0.047605213	-0.11509115310000001	-0.038560011400000004	-0.0027927477	0.0980067213	0.0424555471	-0.0666495972	0.0260605075	0.1340783911	-0.052714768700000005	0.0517311458	-0.059805423899999995	0.0515466403	-0.0188027672	-0.0100089602	-0.0820981436	0.09417308949999999	0.0349985363	-0.1385597688	-0.0291930054	-0.0658555123	0.0429393692	0.0050618542	0.010110378	0.057895885	0.0097133216	-0.1897008094	-0.1139232568	0.008047844399999999	-0.0068196514000000005	0.083475327	0.0721127065	-0.1620159964	-0.0995341191	-0.0005315844	0.043813707800000004	0.14043423619999998	-0.035483013	0.045658549699999995	0.027314297400000003	0.0334317029	-0.062059773099999986	0.10422250220000001	0.027496835499999997	-0.0426896163	-0.1703136	-0.0049913105	0.018712446299999998	-0.0719931207	-0.047869768	0.0097882802	-0.09883507890000001	0.0566658369	-0.0354579169	0.058244106	-0.023652941299999997	-0.016024166	0.0520056365	0.047895565300000005	0.046542726500000006	-0.0263170739	-0.0559320454	0.0657272008	-0.04176406	-0.0238162731	0.0596758182	-0.0715063625	-0.010737448600000001	-0.14179809699999998	-0.0373451533	0.06782399139999999	-0.024335017900000002	0.0049370137	-0.1338413694	-0.0239560725	-0.1415834275	-0.004386499	-0.0321057465	-0.0829565401	0.0325854677	-0.066617114	0.1286318642	0.047328225099999996	-0.0445974349	-0.0927944701	-0.050004779900000004	0.0418155387	0.0926349341	0.0526240321	-0.0389857244	-0.092369244	-0.339474	-0.15093299999999998	0.11524259667600001	0.022780770489	-0.07165410000000001	0.06882489999999998	0.0047368668600099965	0.0051343100468100025	-0.480366	-0.21764899999999995	0.047371087200999966	0.23075149395599995	0.00187244	-7.123999999999998e-05	3.5060315536e-06	5.075137599999997e-09	0.00252469	0.00093015	8.651790225000002e-07	6.3740595961e-06	-0.00383454	-0.00139355	1.47036970116e-05	1.9419816025e-06	0.0	0.0	0.0	0.0	0.0	0.0	0.0	0.0	0.0	0.0	0.0	0.0	0.0	0.0	0.0	0.0	0.0	0.0	0.0	0.0	0.0	0.0	1.0	0.0	0.0	0.0	0.0	0.0	0.0	0.0	0.0	0.0	0.0	0.0	0.0	0.0	0.0	0.0	0.0	0.0	0.0	0.0	0.0	0.0	0.0	0.0	0.0	0.0	0.0	0.0	0.0	0.0	0.0	0.0	0.0	0.0	0.0	0.0	0.0	0.0	0.0	0.0	0.0	0.0	0.0	0.0	0.0	0.0	0.0	0.0	0.0	0.0	0.0	0.0	0.0	0.0	0.0	0.0	0.0	0.0	0.0	0.0	0.0	0.0	0.0	0.0	0.0	0.0	0.0
336.9357052743435	9.873992045103476	113525.66948871926	97.49571890676675	237.94532470457082	1.3197474831411853	56617.977548763636	1.7417334192574931	228.15672670184318	1.7804471054159876	3.169991895184169	52055.49193929957	1.44802	67.671944	0.5914158	0.14312692529999999	0.1643122824	-0.049400909699999995	-0.0209258082	0.1097657372	-0.061694916399999994	-0.0726900722	-0.1228908331	-0.0197989186	0.0832168225	0.10235685189999999	0.057538378200000004	-0.0097967815	-0.11571108769999999	-0.0010447422999999999	0.013471424499999999	0.0429526284	0.08671666539999999	-0.0778201779	0.0498490407	0.0404987225	0.1171833464	0.0621006354	0.0444998022	0.101209235	-0.0854165233	0.035163949	-0.1594984026	0.0820102941	-0.0453542821	0.1346507566	-0.006935143299999999	-0.1217567714	-0.05112668150000002	0.0049400291999999995	-0.1005636244	-0.0873600978	0.1287103242	0.015541795	-0.0394792994	0.0208809644	0.0355809376	-0.0483411144	0.0093443699	0.0277922874	-0.012602851100000001	0.050254465899999996	0.0166421945	-0.1153747102	-0.009894852800000001	0.14030660949999998	-0.06065973559999999	0.1046695613	-0.1051315378	0.06407052469999999	-0.0179956576	0.13837551	0.0790414821	0.0934623595	0.025822801200000002	-0.0236891143	0.0614498715	0.1154334709	0.0179444711	0.0763208419	-0.0277964281	-0.09618545279999999	0.0002372689	-0.049986187599999996	-0.0637250523	0.0403778886	-0.0995604788	-0.0041679292	-0.0952295327	-0.032325174500000005	-0.27179836	0.0908355376	-0.0132388397	0.0062695799	0.0318408598	0.0636757342	-0.0026947292	-0.0411938251	-0.1128149474	-0.0495394336	-0.031077576099999997	-0.1292430248	-0.0440663313	-0.003769425	0.029616621	-0.0358254899	0.052741612	0.0322715161	0.15783345869999998	-0.014028798500000002	-0.008133073000000001	0.0035577115	0.0692077897	-0.0855312536	-0.026847056499999997	-0.0127553383	0.0917305561	-0.0203142634	0.0462422434	-0.0467863066	-0.0928455409	-0.0456960603	0.047328225099999996	0.0928391566	0.0451477824	-0.0478679739	-0.09282851630000001	-0.196974	0.1425	0.038798756675999996	0.02030625	0.211206	0.28286009999999995	0.08000983617200999	0.044607974436	-0.404863	0.07550299999999993	0.00570070300899999	0.163914048769	0.000721086	-0.0011513539999999998	5.19965019396e-07	1.3256160333159995e-06	0.00187104	-0.00065365	4.272583225e-07	3.5007906816e-06	-0.00382849	6.050000000000067e-06	1.46573356801e-05	3.66025000000008e-11	0.0	0.0	0.0	0.0	0.0	0.0	0.0	0.0	0.0	0.0	0.0	0.0	0.0	0.0	0.0	0.0	0.0	0.0	0.0	0.0	0.0	0.0	0.0	1.0	0.0	0.0	0.0	0.0	0.0	0.0	0.0	0.0	0.0	0.0	0.0	0.0	0.0	0.0	0.0	0.0	0.0	0.0	0.0	0.0	0.0	0.0	0.0	0.0	0.0	0.0	0.0	0.0	0.0	0.0	0.0	0.0	0.0	0.0	0.0	0.0	0.0	0.0	0.0	0.0	0.0	0.0	0.0	0.0	0.0	0.0	0.0	0.0	0.0	0.0	0.0	0.0	0.0	0.0	0.0	0.0	0.0	0.0	0.0	0.0	0.0	0.0	0.0	0.0	0.0
335.41499872332616	-1.5207065510173263	112503.22136856886	2.3125484143070127	238.90664155096852	0.9613168463976648	57076.383377162936	0.9241300791679516	230.9480621928384	2.7913354909951806	7.791553823289306	53337.00743062714	1.2875370000000002	60.17194	0.30020765	0.0737151709	0.0084508396	-0.0349635119	-0.10555047470000001	0.021974976299999997	-0.0303472171	-0.0755061017	-0.04494182360000002	-0.060621894	0.1796584875	-0.0816901122	0.06318706389999999	-0.0346954575	-0.059335048	0.1105395459	0.0318908995	-0.0543149217	-0.0311057769	0.0437066755	0.0169283997	-0.0501843895	0.1389769508	0.0986848299	0.0507974059	0.03667397	-0.19416928260000002	0.0226077342	-0.0203880065	0.0456350125	0.1782503381	0.0022470794	-0.0232979347	0.0054894156	0.023072389300000003	0.0239852946	-0.034754437	0.1003809752	-0.0346901246	-0.017129339	-0.0879328693	0.08431328800000001	-0.1351825009	-0.076612757	0.035512283900000004	-0.0505327638	0.0187167944	-0.0376688314	-0.0357402699	-0.031065457299999998	-0.07400729519999999	-0.0043972305	-0.11146211800000001	-0.0060481121	-0.017249106200000003	0.0350282054	0.064625182	0.0917557624	0.1009929658	0.0947962048	-0.170992741	0.0350182304	-0.0388687426	0.0515443475	0.1018747129	0.021617616699999998	0.07347811309999999	0.0320332518	0.017043232	-0.0883875655	0.061557702400000004	-0.0100165595	0.0039291692	0.0024733962	-0.2538780203	-0.10222556320000001	-0.0722341898	-0.1454066204	-0.0038595274	-0.0330485171	-0.11072687839999999	0.015670504	0.012014228100000001	0.0023993538	-0.0017123741	-0.0050678029	0.026854560899999998	0.0059847739	0.08429531130000001	-0.0324053783	-0.0522302079	0.049895032	-0.0586512647	-0.10894781960000001	0.10652860789999999	-0.08733226220000001	-0.0317954164	0.0851168568	0.0296356566	-0.008769716	-0.1069254317	-0.06837080599999999	-0.008723063199999999	-0.0707446353	0.0451477824	-0.0489408639	-0.0927434086	-0.0412533063	0.0526240321	0.0924308615	0.0372661819	-0.056189015300000006	-0.0919107295	-0.155341	0.041632999999999996	0.024130826281	0.0017333066890000005	0.07111460000000001	-0.14009139999999998	0.019625600353959997	0.0050572863331600024	-0.386607	0.018255999999999998	0.0003332815359999998	0.14946497244900006	-0.00011426900000000005	-0.0008353550000000001	1.3057404361000011e-08	6.978179760250002e-07	0.00150861	-0.00036243	1.3135550489999996e-07	2.2759041321e-06	-0.00302173	0.0008067600000000001	9.130852192899997e-06	6.508616976000002e-07	0.0	0.0	0.0	0.0	0.0	0.0	0.0	0.0	0.0	0.0	0.0	0.0	0.0	0.0	0.0	0.0	0.0	0.0	0.0	0.0	0.0	0.0	0.0	0.0	0.0	0.0	0.0	0.0	0.0	0.0	0.0	0.0	0.0	0.0	0.0	0.0	0.0	0.0	0.0	0.0	0.0	0.0	0.0	0.0	0.0	0.0	0.0	0.0	0.0	0.0	0.0	0.0	0.0	0.0	0.0	0.0	0.0	0.0	0.0	0.0	0.0	0.0	0.0	0.0	0.0	0.0	0.0	0.0	0.0	0.0	0.0	0.0	0.0	0.0	0.0	0.0	0.0	0.0	0.0	0.0	0.0	0.0	0.0	0.0	0.0	0.0	0.0	0.0	0.0
331.56440088026704	-3.8505978430591203	109934.95193109043	14.827103748971545	238.0993493121377	-0.8072922388307973	56691.30014286337	0.6517207588764411	229.99557498591813	-0.9524872069202388	0.9072318793467178	52897.964513103085	1.465301	68.479576	1.2314885	-0.04958204980000002	-0.043765846500000004	0.0713804092	0.0437954974	-0.0598230466	0.0847372722	0.041711179	0.0457750309	0.0710580312	-0.0139301712	-0.050506714400000007	0.076895748	0.0010259091	-0.1290567246	0.0113851277	0.066076953	0.0449662493	-0.1029752427	0.108901315	0.0390331411	-0.20262616890000001	0.0754351	0.0139570416	0.1571869046	-0.0375915271	0.027126163	-0.0167784471	0.0006531411	0.0630540103	0.0956090205	0.0565742419	0.0142341867	0.1146251333	-0.0622326331	0.0186248358	-0.0045149129	-0.0282381621	-0.0054577518000000005	0.044881693099999995	-0.0073109087	-0.0140257001	-0.1055923871	0.0789058989	0.0355688339	0.0219517378	-0.0091531548	0.0373876305	0.040235039300000004	-0.0169830058	0.016435406899999998	-0.112890374	0.032909111899999996	0.0094180097	0.0702071787	-0.1043435034	-0.009761542199999999	-0.0553998199	-0.029628967000000006	-0.0125279165	-0.0675803992	-0.0412691594	0.021705932799999998	0.1523343731	0.0018537697	-0.0006412583999999999	0.0009480256	0.12015662619999999	0.0487108386	-0.0219446642	0.16628598320000001	0.0286383886	-0.0384199541	0.026581094	-0.11890335939999999	-0.1162670531	0.0436425576	-0.0819099583	0.025090533199999997	0.0239372368	-0.0775253063	-0.050574885	-0.0232591293	0.0569855057	0.0080104349	0.1880864579	-0.002557458	-0.0161248972	-0.0785247234	0.018581793500000002	-0.196130053	-0.059378931100000004	0.0717258088	0.1088622233	-0.07435766490000001	0.0491622968	0.0130189249	0.0955268708	-0.0370020671	-0.015504765600000001	0.0387099189	0.0342081191	-0.0286683562	0.1090660024	0.044045043	-0.051059526699999996	-0.0924882418	-0.0366895492	0.0576786922	0.0914127426	0.0290499939	-0.0638512918	-0.0896294983	-0.0127667	0.1425743	0.00016298862888999998	0.020327431020490002	-0.389468	-0.4605826	0.21213633142276	0.15168532302399998	0.109084	0.495691	0.245709567481	0.011899319055999995	-0.000884986	-0.000770717	7.832002201960002e-07	5.94004694089e-07	0.000649805	-0.000858805	7.375460280250002e-07	4.2224653802500007e-07	-0.00199844	0.0010232899999999996	3.993762433600002e-06	1.0471224240999991e-06	0.0	0.0	0.0	0.0	0.0	0.0	0.0	0.0	0.0	0.0	0.0	0.0	0.0	0.0	0.0	0.0	0.0	0.0	0.0	0.0	0.0	0.0	0.0	0.0	1.0	0.0	0.0	0.0	0.0	0.0	0.0	0.0	0.0	0.0	0.0	0.0	0.0	0.0	0.0	0.0	0.0	0.0	0.0	0.0	0.0	0.0	0.0	0.0	0.0	0.0	0.0	0.0	0.0	0.0	0.0	0.0	0.0	0.0	0.0	0.0	0.0	0.0	0.0	0.0	0.0	0.0	0.0	0.0	0.0	0.0	0.0	0.0	0.0	0.0	0.0	0.0	0.0	0.0	0.0	0.0	0.0	0.0	0.0	0.0	0.0	0.0	0.0	0.0	0.0
335.4257560725053	3.86135519223825	112510.43783681182	14.910063920625289	239.3472553456939	1.247906033556205	57287.108641516796	1.5572694685859811	230.8818407799836	0.8862657940654799	0.7854670577305156	53306.4244019537	1.18875	55.555191	0.15790989999999994	-0.1459378342	0.0387201377	-0.0129832333	0.0902031545	-0.1364468828	0.021775845099999996	0.012581294	-0.0163332713	0.0619749745	-0.0948048634	0.0648669518	0.0108044297	-0.03296098	0.066077912	0.013270623200000001	-0.0166043897	0.041289032999999996	0.021607401000000002	0.050800843600000006	-0.0051111333	-0.1067827061	0.024531673900000002	0.060552527	0.0330647157	0.0354424123	0.0163509095	0.025392092	0.040257155	-0.0278939034	0.0045553433	0.017694673	-0.039197022000000005	0.0477660571	-0.0414150033	-0.0005062369000000001	-0.029262503500000002	0.0067734182999999995	0.1028447118	-0.036076598700000004	-0.050217178099999996	-0.0210850523	0.0775641358	0.1110276684	-0.0383786801	-0.0414968006	-0.0372063421	0.0752635524	0.11099741310000001	0.0917804747	0.0724537039	0.0066071540000000005	0.048027689000000005	0.0354178552	0.1373787551	-0.0290713417	-0.0316392004	0.010795943	-0.0826788101	0.0158001148	0.0846283419	-0.0477895017	0.0126556657	-0.05147867	-0.035892018	0.0734396293	0.018944509499999998	-0.019135522	0.0087141831	0.01932745	0.06091357980000001	0.0158986479	-0.0012878824	0.047129472	0.013490341299999998	0.067965135	-0.0031762318	0.0039430657	0.0266397508	-0.017132176399999997	-0.0426688444	-0.0612064964	0.061683424800000004	-0.0130669042	0.1303740475	-0.0527169239	-0.0638030983	-0.0036443128999999997	-0.051777041399999994	0.0209590212	0.13599539119999998	-0.1480586207	-0.0102217257	0.14370889380000001	-0.0791384918	-0.0874714727	0.0247857977	0.0597186545	0.0704526637	-0.00011094280000000001	-0.0233758533	0.0308335626	0.0446055618	0.0291393474	0.042934227199999994	-0.053140741	-0.09208046130000001	-0.0320181754	0.06246904230000001	0.08979151710000001	0.0205729861	-0.07076497030000001	-0.0860186637	0.0060979	0.0188646	3.718438441e-05	0.00035587313316000016	-0.382182	0.007285999999999959	5.3085795999999405e-05	0.14606308112400002	0.194972	0.08588800000000002	0.007376748544000005	0.038014080784	-0.00058111	0.00030387599999999996	3.376888321e-07	9.2340623376e-08	0.0008485749999999999	0.0001987699999999998	3.9509512899999914e-08	7.200795306249997e-07	-0.00158366	0.00041478000000000017	2.5079789956e-06	1.7204244840000018e-07	0.0	0.0	0.0	0.0	0.0	0.0	0.0	0.0	0.0	0.0	0.0	0.0	0.0	0.0	0.0	0.0	0.0	0.0	0.0	0.0	0.0	0.0	0.0	0.0	0.0	0.0	0.0	0.0	0.0	0.0	0.0	0.0	0.0	0.0	0.0	0.0	0.0	0.0	0.0	0.0	0.0	0.0	0.0	0.0	0.0	0.0	0.0	0.0	0.0	0.0	0.0	0.0	0.0	0.0	0.0	0.0	0.0	0.0	0.0	0.0	0.0	0.0	0.0	0.0	0.0	0.0	0.0	0.0	0.0	0.0	0.0	0.0	0.0	0.0	0.0	0.0	0.0	0.0	0.0	0.0	0.0	0.0	0.0	0.0	0.0	0.0	0.0	0.0	0.0
335.6643622315579	0.2386061590526083	112670.56407231852	0.05693289913783861	238.21877048476486	-1.128484860929035	56748.18261127308	1.2734780813460234	229.5180051087181	-1.3638356712654909	1.8600477382161928	52678.514669085554	1.145485	53.533249	0.78534465	-0.021868085899999997	-0.0148964576	0.0718781887	-0.0266180154	-0.029169457200000002	0.0515639503	-0.0378164012	0.009419693199999999	0.0670774872	-0.029952312400000007	-0.046052565700000006	-0.0522164876	-0.028274404700000002	0.0332375225	-0.0425793411	-0.055927753899999995	0.0388279671	-0.0109243325	0.0140077359	-0.0142870236	0.0833231896	0.0092939351	-0.029889367799999997	0.0747334306	-0.0098697983	0.031249172999999998	0.056617508899999995	0.0508360359	-0.0196952378	-0.0527791168	-0.040171602599999995	0.07583570440000001	-0.08489009789999999	0.053394810300000005	0.037203371	0.007024250500000001	0.0218056847	0.0093055083	-0.134221586	-0.0122321242	-0.1462625267	0.054414101	0.032037781099999996	0.10946991140000001	-0.09625050199999999	0.1486199926	0.0260727302	0.0404376157	0.0003734971	-0.046778147	-0.048922389299999994	0.0192579319	0.0223839716	0.0248848797	-0.0431036047	0.0026423106	-0.0064342401	-0.1019016836	0.0091116739	-0.010523565700000001	0.040771322900000004	0.0085883636	-0.0416216881	-0.09336516199999999	0.025022040899999997	-0.0369065948	0.0615462497	-0.0685345767	-0.0482854992	-0.0317383943	0.0220969472	-0.07041481150000001	0.060272407300000004	0.0840463582	-0.07540619280000001	0.0562408856	0.0329529722	0.0189988597	0.0047844694	0.028926897799999997	0.034316514900000004	0.0730145946	-0.09933242839999999	0.022427383399999997	-0.1242657283	0.036733271	0.103363947	-0.0470435198	-0.0072423396999999985	-0.0001922382	0.052977808200000004	0.032271872	-0.1507781026	0.0337178302	-0.0113034958	0.054349718899999996	-0.0025725992	-0.09982081400000001	-0.0382740573	-0.0163351225	0.0012107058	-0.07936098650000001	-0.0092618361	0.0418155387	-0.0551829804	-0.09152074019999999	-0.0272528867	0.06697313120000001	0.08757788119999999	0.0119112676	-0.07684899419999999	-0.0811317903	-0.0883511	-0.094449	0.00780591687121	0.008920613601	-0.188375	0.19380700000000006	0.03756115324900002	0.035485140624999995	-0.0764654	-0.27143740000000005	0.07367826211876	0.00584695739716	0.00290669	0.0034878	8.4488467561e-06	1.2164748839999999e-05	0.00123186	0.00038328500000000014	1.4690739122500008e-07	1.5174790596e-06	-0.0022256	-0.0006419399999999999	4.953295360000001e-06	4.120869635999999e-07	0.0	0.0	0.0	0.0	0.0	0.0	0.0	0.0	0.0	0.0	0.0	0.0	0.0	0.0	0.0	0.0	0.0	0.0	0.0	0.0	0.0	0.0	0.0	0.0	0.0	1.0	0.0	0.0	0.0	0.0	0.0	0.0	0.0	0.0	0.0	0.0	0.0	0.0	0.0	0.0	0.0	0.0	0.0	0.0	0.0	0.0	0.0	0.0	0.0	0.0	0.0	0.0	0.0	0.0	0.0	0.0	0.0	0.0	0.0	0.0	0.0	0.0	0.0	0.0	0.0	0.0	0.0	0.0	0.0	0.0	0.0	0.0	0.0	0.0	0.0	0.0	0.0	0.0	0.0	0.0	0.0	0.0	0.0	0.0	0.0	0.0	0.0	0.0	0.0
334.00939267227244	-1.654969559285462	111562.27439330028	2.738924242161516	237.68198470026246	-0.5367857845023991	56492.7258510558	0.28813897844385605	229.17335614430786	-0.34464896441025417	0.11878290866906065	52520.42716644577	1.02266	47.793129	0.1929632	-0.0088384735	-0.0460965148	0.0645019019	0.0121818529	0.0115908692	0.0654435755	-0.0078237707	0.0811464332	-0.0056873562	-0.048431909800000006	0.052095471799999994	-0.0766410896	-0.046750723	0.0499555312	-0.067771935	-0.0175774411	-0.0024877867000000003	-0.0245083342	0.0516997225	0.027120456499999997	0.0011216612	-0.0514715399	-0.0383824078	-0.02480636	-0.0772231639	-0.0724132456	0.0338597869	-0.0768161623	0.007829795300000001	-0.022188418900000003	-0.019737511	-0.0172578523	-0.005439871	-0.0839059519	0.102561605	-0.057581633300000004	-0.0096597986	-0.047534336600000004	-0.049959449	-0.0125729879	0.0306963433	-0.037045558900000004	-0.10813080970000001	0.0706988291	-0.0145377947	-0.0768445274	0.0140487346	-0.0097420818	0.0014195248000000002	-0.0261869456	0.0014402183	0.0880742885	-0.0883404775	-0.013779120300000001	-0.0579196409	0.051796409	-0.069573614	-0.0578004564	0.0146371417	0.0941017359	0.0468274891	0.0126815511	-0.0422102314	-0.0615050425	-0.078170405	-0.0076783296	0.014573856000000001	-0.0772535221	0.0107300227	-0.016463256000000002	-0.0582394521	0.1004897659	-0.024536313900000002	0.0295371563	-0.10779543960000001	-0.0307069853	0.0376190271	0.0539467203	-0.11276549820000001	0.0101313048	0.0302956021	-0.0294180764	-0.032332914500000004	0.0798547762	0.0375611127	-0.0681523676	-0.00013080549999999999	-0.0420582492	0.0266616429	-0.0724290059	0.09478096230000001	0.0064864460999999995	0.0242230601	-0.007779139	0.0672388067	-0.09953928039999999	0.016240059299999998	0.0698639915	-0.08304036620000001	-0.09149873730000001	-0.0063285616	-0.0319089125	0.024322011299999998	0.0406891827	-0.0571847471	-0.09081000199999999	-0.0224076607	0.0711703189	0.08478643960000001	0.0031426060999999996	-0.0820320339	-0.0750413721	-0.085398	0.0029530999999999997	0.007292818404	8.720799610000001e-06	-0.107064	0.08131099999999998	0.006611478720999997	0.011462700096	-0.046644300000000014	0.0298211	0.0008892980052099998	0.0021756907224900006	0.00366384	0.0007571499999999997	1.34237235456e-05	5.732761224999997e-07	0.00173183	0.00049997	2.499700009e-07	2.9992351489e-06	-0.00254604	-0.00032044	6.4823196816e-06	1.0268179359999998e-07	0.0	0.0	0.0	0.0	0.0	0.0	0.0	0.0	0.0	0.0	0.0	0.0	0.0	0.0	0.0	0.0	0.0	0.0	0.0	0.0	0.0	0.0	0.0	0.0	0.0	0.0	0.0	0.0	0.0	0.0	0.0	0.0	0.0	0.0	0.0	0.0	0.0	0.0	0.0	0.0	0.0	0.0	0.0	0.0	0.0	0.0	0.0	0.0	0.0	0.0	0.0	0.0	0.0	0.0	0.0	0.0	0.0	0.0	0.0	0.0	0.0	0.0	0.0	0.0	0.0	0.0	0.0	0.0	0.0	0.0	0.0	0.0	0.0	0.0	0.0	0.0	0.0	0.0	0.0	0.0	0.0	0.0	0.0	0.0	0.0	0.0	0.0	0.0	0.0
335.8358212052094	1.8264285329369727	112785.6988045774	3.335841185926302	237.8733751192516	0.19139041898912976	56583.74259062418	0.03663029248083465	229.18121616337243	0.007860019064565904	6.177989969533948e-05	52524.02984212244	1.025679	47.934196	0.31936675	-0.0364228013	0.0921137943	0.011222406	0.0015369108	-0.0072471599	-0.0358596949	-0.0458947119	0.0461303392	0.0264987195	-0.0311371781	0.09775614640000001	-0.0283961342	-0.0045873885	-0.0041883723	-0.0466784838	0.0063367793	-0.022017233100000002	0.055327792699999996	0.022104545299999997	-0.0540831626	-0.019337858	-0.0059578973	-0.07055489150000001	-0.0258400823	-0.028761912999999997	0.023682101	0.0244762294	0.0280778454	-0.1361581418	0.058977187	-0.1245034674	0.0260528537	-0.0353022763	0.0101961559	-0.09375014470000001	0.0565183171	0.037945926	-0.0634773481	-0.0653713121	-0.0619963434	-0.0620776278	0.0007918103	0.0475355762	-0.0594840205	-0.09332069	-0.0901309525	-0.1161783303	0.056265345300000005	0.0089133452	0.023054954199999998	0.0754396196	0.052183785499999996	-0.047869125400000004	-0.0010373244	0.0490106576	0.031089101299999998	-0.037130356600000004	-0.0645999984	0.048897320999999994	0.07560364509999999	-0.0183490714	0.0309563634	0.0338261667	-0.0596563589	-0.0068941518000000005	0.0221481208	-0.0667624829	0.014802286000000001	0.0114769923	0.0456976852	-0.0721339579	0.0336909328	-0.0570240468	0.07789484440000001	-0.0183440103	0.1561187099	-0.0741403444	-0.06513410780000001	0.0476747265	0.0556701104	0.07513225230000001	0.0223944641	0.0365689095	0.0095090975	-0.0504306883	-0.0117200938	-0.060158328899999995	-0.0008113128	0.0757797121	0.0170636301	-0.030043913	-0.0223786515	-0.030997766200000002	-0.1338451593	-0.0383541518	0.010143265600000001	-0.0225601405	0.004604013400000001	-0.0871156692	-0.0543421066	-0.08262001690000001	0.0215967674	0.0793245912	0.0395553658	-0.0591445729	-0.08994941960000001	-0.0174967091	0.0750413721	0.0814356093	-0.0056542708	-0.0862533231	-0.06783775709999999	-0.0791559	0.0062421	0.006265656504810001	3.896381241e-05	0.026951099999999995	0.1340151	0.017960047028009997	0.0007263617912099997	-0.0456722	0.0009721000000000103	9.449784100000204e-07	0.00208594985284	0.000986564	-0.0026772759999999997	9.733085260959998e-07	7.1678067801760006e-06	0.0009012270000000002	-0.0008306029999999997	6.899013436089996e-07	8.122101055290005e-07	-0.00249117	5.486999999999983e-05	6.2059279689e-06	3.0107168999999814e-09	0.0	0.0	0.0	0.0	0.0	0.0	0.0	0.0	0.0	0.0	0.0	0.0	0.0	0.0	0.0	0.0	0.0	0.0	0.0	0.0	0.0	0.0	0.0	0.0	0.0	0.0	0.0	0.0	0.0	0.0	0.0	0.0	0.0	0.0	0.0	0.0	0.0	0.0	0.0	0.0	0.0	0.0	0.0	0.0	0.0	0.0	0.0	0.0	0.0	0.0	0.0	0.0	0.0	0.0	0.0	0.0	0.0	0.0	0.0	0.0	0.0	0.0	0.0	0.0	0.0	0.0	0.0	0.0	0.0	0.0	0.0	0.0	0.0	0.0	0.0	0.0	0.0	0.0	0.0	0.0	0.0	0.0	0.0	0.0	0.0	0.0	0.0	0.0	0.0
333.99070060197863	-1.8451206032307823	111549.78808860053	3.404470040466726	237.60294730909342	-0.27042781015816786	56455.16056996783	0.07313120050694208	229.7965814356238	0.6153652722513812	0.3786744182930165	52806.468839499285	0.958017	44.772083	0.22856	-0.0557007911	-0.023281490699999997	-0.0172235407	-0.0732207637	-0.0334649473	-0.0603513013	0.0231943	0.046545515700000005	-0.0065701599	-0.0026005644000000002	-0.012390166000000001	-0.0709622334	0.0113591305	-0.038667897799999996	-0.0222753512	-0.058698533399999996	0.0027923566	0.0178592472	-0.0380631789	-0.0238611281	0.051090891	-0.0397561423	0.0059165924	-0.018409923	0.034980642299999996	0.0037015719	-0.0048922524	0.0740350895	0.06428528559999999	-0.0193249089	-0.0490405502	-0.026038832799999998	0.08080761139999999	-0.0546380118	-0.0132540729	-0.0334445316	-0.1226249953	0.0619122936	-0.023163426299999998	0.0311119091	-0.0429669926	0.154110679	-0.0488361879	-0.0364756676	0.0026857882000000002	0.07517337290000001	-0.0524632191	0.0173186156	0.0573879883	0.0045135005	-0.009533283299999999	-0.0365875027	-0.08657193029999999	0.0253813288	0.0597641241	-0.0127306218	-0.0569196463	0.0001495414	-0.0209498523	0.011971431599999999	0.0630236029	0.0040157978	0.0159905154	-0.0361103229	0.016666419499999998	-0.0063784504	-0.0122631593	0.0454457362	0.0041417477	-0.08537252640000001	0.0445927614	-0.0162404972	0.0713392263	0.09031244949999999	0.0689406894	0.0798900644	-0.0113009376	-0.0178602851	-0.0217856321	0.0157049656	-0.0127228329	0.0102901254	-0.0673306	-0.089605453	0.0087798947	-0.0082275961	-0.0095030001	-0.0336398581	-0.064946006	-0.11340425900000001	0.002562491	0.0551921953	0.0227687393	-0.0084004973	-0.0698964777	0.016649373000000002	0.014367245700000001	0.09674709279999999	0.002276096	0.1209451793	-0.0032284365999999997	0.0125738122	-0.0364578075	0.0384142957	-0.0610610204	-0.0889404128	-0.012534436599999999	0.0785685519	0.0775474976	-0.014400381799999999	-0.08946337089999999	-0.059627806900000004	-0.0842327	-0.005076799999999992	0.0070951477492899985	2.5773898239999923e-05	-0.0644506	-0.0914017	0.008354270762889998	0.00415387984036	0.0305553	0.0762275	0.00581063175625	0.00093362635809	0.000558407	-0.0004281569999999999	3.1181837764899996e-07	1.8331841664899987e-07	0.0013158000000000006	0.0004145730000000005	1.7187077232900037e-07	1.7313296400000015e-06	-0.00276552	-0.00027435000000000003	7.6481008704e-06	7.526792250000002e-08	0.0	0.0	0.0	0.0	0.0	0.0	0.0	0.0	0.0	0.0	0.0	0.0	0.0	0.0	0.0	0.0	0.0	0.0	0.0	0.0	0.0	0.0	0.0	0.0	0.0	0.0	0.0	0.0	0.0	0.0	0.0	0.0	0.0	0.0	0.0	0.0	0.0	0.0	0.0	0.0	0.0	0.0	0.0	0.0	0.0	0.0	0.0	0.0	0.0	0.0	0.0	0.0	0.0	0.0	0.0	0.0	0.0	0.0	0.0	0.0	0.0	0.0	0.0	0.0	0.0	0.0	0.0	0.0	0.0	0.0	0.0	0.0	0.0	0.0	0.0	0.0	0.0	0.0	0.0	0.0	0.0	0.0	0.0	0.0	0.0	0.0	0.0	0.0	0.0
335.90638690682187	1.9156863048432344	112833.10076479553	3.669854018563925	237.96827897178227	0.3653316626888454	56628.90179679199	0.13346722376299633	229.8072347536797	0.010653318055886984	0.00011349318559988765	52811.365145132855	0.912679	42.65325900000001	0.1901515	-0.0651863798	-0.027620785	-0.0042581304999999995	-0.0324358331	-0.0428266424	-0.0211029343	0.006608467	0.0619255918	0.0071137547	-0.0231889284	0.0035022559000000004	-0.0451160933	0.0410026934	0.0587540606	0.030606485200000002	0.0997725887	0.0684996408	-0.0639597878	0.028676365899999997	-0.0588483324	-0.0540188637	-0.0834925483	-0.0525510342	0.018595496399999998	-0.0572720412	0.1243472751	0.0021532573	0.0234269556	0.1130396677	-0.024601933399999998	0.0523969998	-0.0218277863	0.030226529300000006	-0.06340289860000001	-0.0190713	0.0891059419	-0.0506321792	-0.011004494299999999	-0.0476498113	-0.041523371600000004	0.027237640499999997	0.1041756241	0.1154908025	-0.07369864870000001	-0.0273370257	0.1293609478	-0.0345564255	0.0289090777	0.0413004983	-0.0157853735	-0.0028112914	-0.005693666700000001	-0.070922788	0.0383343438	0.0233212338	0.007830022399999999	-0.0571445618	-0.024957466	-0.0241634017	0.029326269500000002	-0.0030746993	-0.0752988651	0.0018249712	0.0299454679	-0.0379399806	-0.07258135360000001	0.037376095299999995	-0.055177796900000006	0.11606423839999999	0.1000882199	0.021944482	-0.0563795216	0.0039020809000000004	0.0402598842	0.0201945143	0.062658794	0.0671829567	-0.007156271	0.0430021723	-0.1064205135	-0.0098177164	-0.1171222109	-0.026191887599999998	-0.047786311500000005	0.0085039543	0.047473025	0.0207167771	-0.0196040543	-0.0837775751	0.07869712129999999	-0.0204799121	0.11572696460000001	-0.0014849165	0.0025027917	0.13600948029999999	0.0754480371	0.053021073700000004	-0.1246103951	0.044060613600000006	0.0132765817	-0.082734948	0.1038181983	-0.12174321839999999	0.0372661819	-0.0629326842	-0.0877846467	-0.0075353985	0.08173569509999999	0.07314775700000001	-0.0230172018	-0.09162454240000001	-0.050533311500000004	-0.073539	0.0106937	0.0054079845209999994	0.00011435521969	-0.1223	-0.05784940000000001	0.003346553080360001	0.014957290000000003	-0.0116654	-0.0422207	0.00178258750849	0.00013608155716	0.00129973	0.000741323	1.6892980729e-06	5.49559790329e-07	0.000824029	-0.0004917710000000007	2.4183871644100066e-07	6.79023792841e-07	-0.00241086	0.0003546600000000001	5.8122459396e-06	1.2578371560000008e-07	0.0	0.0	0.0	0.0	0.0	0.0	0.0	0.0	0.0	0.0	0.0	0.0	0.0	0.0	0.0	0.0	0.0	0.0	0.0	0.0	0.0	0.0	0.0	0.0	0.0	0.0	0.0	0.0	0.0	0.0	0.0	0.0	0.0	0.0	0.0	0.0	0.0	0.0	0.0	0.0	0.0	0.0	0.0	0.0	0.0	0.0	0.0	0.0	0.0	0.0	0.0	0.0	0.0	0.0	0.0	0.0	0.0	0.0	0.0	0.0	0.0	0.0	0.0	0.0	0.0	0.0	0.0	0.0	0.0	0.0	0.0	0.0	0.0	0.0	0.0	0.0	0.0	0.0	0.0	0.0	0.0	0.0	0.0	0.0	0.0	0.0	0.0	0.0	0.0
332.26783115647487	-3.6385557503469954	110401.91162142767	13.239087948383188	238.51375493710472	0.5454759653224528	56888.81129419724	0.2975440287444617	230.34940857150002	0.542173817820327	0.29395244872986914	53060.850029239846	0.969512	45.30931500000001	0.17203515	-0.0234876769	-0.0100488751	-0.0528484216	0.0013059267	-0.0401740821	-0.0551252393	-0.0023999119	-0.0240809244	0.0014546992000000001	-0.0359809304	-0.038251302200000004	0.0090789328	0.0218182517	-0.0266772441	0.0419089229	-0.002010671	-0.0047918867	0.0139895329	0.0033224794	-0.0440949655	0.0006616791999999999	-0.06809627019999999	-0.1290645903	-0.0064414418	0.010690401200000001	0.14053721130000002	0.0268014318	-0.08564824880000001	-0.06717365559999999	0.0704510024	-0.0738833103	0.035232104300000004	0.0370146835	0.0770157143	-0.05423894519999999	-0.0709843701	0.0767143275	-0.14051402359999998	-0.0404859956	0.0328601867	-0.0825720878	0.011623445	-0.1646801524	-0.0587444864	-0.0040659339	0.003514766	0.0663955079	0.0033976948	0.0145480748	0.0362275284	-0.0018792172	-0.0560452276	-0.0198936659	0.0465370225	0.0528960779	-0.0103463272	0.0273102729	-0.022146586200000002	-0.0541665113	-0.0101970415	-0.0050772527	-0.0403029335	0.0346465419	0.0032484090000000003	0.0197355893	0.042666305099999996	-0.0262097121	0.0416314992	-0.0149739111	0.0258580747	0.016369995	-0.0399067143	-0.1130615026	0.1418591022	-0.0697746763	0.0822102252	-0.1005486043	0.0651001404	0.0767729717	0.0723228382	-0.0255239678	-0.0028395296	0.05283727	-0.0553814764	-0.0110137638	0.045286634699999995	0.030298195400000002	-0.010522105700000001	-0.0512138757	0.144255694	0.2333810673	-0.0601357007	-0.02926717	-0.006928728	0.007955332399999999	-0.0724255363	0.1387891787	0.00019237450000000002	0.0210544267	-0.002038152	-0.0365469056	0.0154620875	0.0651692784	0.0361112347	-0.0647581913	-0.0864840284	-0.0025142577	0.0845282884	0.0682654153	-0.0314273661	-0.0927115	-0.0406891827	-0.0544698	0.019069199999999998	0.00296695911204	0.0003636343886399998	-0.170225	-0.04792499999999998	0.0022968056249999982	0.028976550625	-0.0783963	-0.06673090000000001	0.004453013014810001	0.00614597985369	0.00127774	-2.1989999999999944e-05	1.6326195076000004e-06	4.835600999999975e-10	0.00129856	0.000474531	2.2517966996100006e-07	1.6862580736e-06	-0.00268054	-0.00026968	7.1852946916e-06	7.27273024e-08	0.0	0.0	0.0	0.0	0.0	0.0	0.0	0.0	0.0	0.0	0.0	0.0	0.0	0.0	0.0	0.0	0.0	0.0	0.0	0.0	0.0	0.0	0.0	0.0	0.0	0.0	0.0	0.0	0.0	0.0	0.0	0.0	0.0	0.0	0.0	0.0	0.0	0.0	0.0	0.0	0.0	0.0	0.0	0.0	0.0	0.0	0.0	0.0	0.0	0.0	0.0	0.0	0.0	0.0	0.0	0.0	0.0	0.0	0.0	0.0	0.0	0.0	0.0	0.0	0.0	0.0	0.0	0.0	0.0	0.0	0.0	0.0	0.0	0.0	0.0	0.0	0.0	0.0	0.0	0.0	0.0	0.0	0.0	0.0	0.0	0.0	0.0	0.0	0.0
335.3677667470469	3.099935590572045	112471.53897290166	9.609600665695252	238.63046288585602	0.11670794875129785	56944.49781711791	0.013620745301735569	230.36924651072758	0.019837939227556944	0.0003935438327962426	53069.98973792037	0.854558	39.937008	0.1393521	-0.0730542381	-0.0556343697	-0.0249900182	-0.0719180431	-0.0687428641	-0.0244824475	0.0091287708	0.0019409722	0.006570619399999999	-0.0118915771	-0.11203436580000001	-0.009320680100000001	0.0162328414	0.0668609294	0.058387759000000004	-0.0447060295	-0.0525340657	0.0360161046	-0.019302091299999997	0.0024430372	0.037826775699999995	-0.0196387457	0.0263047933	-0.0838651776	0.0138072555	0.011960742	-0.0030590351	0.062970311	-0.016767356100000002	0.0680433855	-0.06929195120000001	-0.047602363499999995	0.13333952599999999	-0.0702971278	0.016828630900000002	-0.1572576869	-0.036023235099999995	0.0710438479	-0.00801108	-0.0598022289	-0.0914269505	0.0963608493	0.036497792700000004	0.0468969142	-0.027390820099999998	0.0066428964	0.15169116119999998	0.0138208462	0.070510777	-0.013739128100000001	-0.0583701712	-0.0685731238	-0.010967056000000001	0.0676463763	0.0196207279	-0.0063705807	0.009600833000000001	-0.0252960136	-0.0540222987	-0.08364136030000001	0.04047148	-0.0230989431	-0.0832418638	0.0390725762	0.040540316	0.052002880599999995	-0.0200891923	0.0526559534	-0.0237964331	-0.1151176722	0.014956726699999999	0.1065237662	0.0390146481	0.0545414589	0.04689736940000002	0.0233912427	-0.0677133868	0.0372092287	-0.0633218426	-0.0555547096	-0.075935907	0.036898227799999996	0.0074332144	0.0650838187	-0.09404484800000001	-0.073940875	0.1632006855	-0.1420451942	-0.08640165150000001	-0.0425363202	0.011938808200000001	-0.0185135576	0.0132773344	-0.0620004098	-0.0649224183	0.07132547639999999	0.0167687034	0.0192501074	0.0775734833	-0.0334714406	0.0267799175	0.019314998400000002	-0.0777312933	0.034949665899999996	-0.066536203	-0.08504070400000001	0.0025142577	0.0869335349	0.0629326842	-0.0395553658	-0.0927115	-0.030241452599999996	-0.07360789999999999	-0.01913809999999999	0.005418122942409997	0.0003662668716099997	-0.238572	-0.06834699999999999	0.004671312408999999	0.05691659918399999	-0.103606	-0.025209699999999988	0.0006355289740899994	0.010734203236	0.00131668	3.8939999999999895e-05	1.7336462223999996e-06	1.5163235999999918e-09	0.000861784	-0.0004367760000000001	1.9077327417600005e-07	7.42671662656e-07	-0.00273797	-5.743000000000024e-05	7.4964797209000016e-06	3.298204900000028e-09	0.0	0.0	0.0	0.0	0.0	0.0	0.0	0.0	0.0	0.0	0.0	0.0	0.0	0.0	0.0	0.0	0.0	0.0	0.0	0.0	0.0	0.0	0.0	0.0	0.0	0.0	0.0	0.0	0.0	0.0	0.0	0.0	0.0	0.0	0.0	0.0	0.0	0.0	0.0	0.0	0.0	0.0	0.0	0.0	0.0	0.0	0.0	0.0	0.0	0.0	0.0	0.0	0.0	0.0	0.0	0.0	0.0	0.0	0.0	0.0	0.0	0.0	0.0	0.0	0.0	0.0	0.0	0.0	0.0	0.0	0.0	0.0	0.0	0.0	0.0	0.0	0.0	0.0	0.0	0.0	0.0	0.0	0.0	0.0	0.0	0.0	0.0	0.0	0.0
335.2977342085132	-0.07003253853372371	112424.57056536275	0.004904556453477496	237.98927696525703	-0.6411859205989856	56638.89595044583	0.4111193847743687	230.96631375220787	0.5970672414802891	0.3564892908488819	53345.43808828333	1.030615	48.164913	0.23814600000000005	0.06616988929999999	-0.0814425554	0.06346714469999999	0.010148856999999999	0.0334023734	0.0927515306	0.0011404447	0.0351972543	-0.0870259525	0.0076721052	-0.0346554439	0.0299949616	0.0554440095	-0.014128802099999999	-0.0389374902	-0.0281281237	0.043418661399999996	0.045151728700000004	0.036447011200000004	-0.0313790313	0.0802730512	-0.0802438164	0.0557807633	-0.056884231699999996	0.0102724475	-0.0029180987	-0.0471785158	0.0126164348	-0.0046014498	-0.007959225600000001	-0.1143662438	-0.0730986138	0.0034682117	-0.08182280389999999	0.0596042008	0.047976487400000004	0.045144225	-0.0150030476	0.0806024771	0.0221698319	0.1422072012	0.0209544198	-0.0433447809	-0.089636108	-0.0616883522	-0.0573595851	-0.055194328	-0.08747107130000001	0.0011462713	-0.0734667758	-0.0245597753	0.0685084601	0.0093781778	-0.0385543163	-0.0828873279	0.0684859576	-0.0169686372	0.0755905579	-0.0577941658	-0.0214197306	-0.0149799374	0.0008109705	0.010184425	-0.0548759701	0.0096261041	0.0144132438	-0.015699689699999998	-0.10024100640000001	0.0682883333	0.0031749467	0.032102068399999996	0.0641405675	-0.0286293102	0.024563684	0.08968667570000001	0.0387456176	-0.0955977076	-0.0040875095	-0.1629860276	0.023634238399999997	0.0427873041	-0.0089763177	0.025875951499999997	-0.0018337276	0.0771963291	-0.0886944834	-0.1375923345	0.11955034699999999	-0.0428120735	-0.0252415501	0.045020989000000004	0.1420235284	0.0139505776	0.0421779887	0.007347493	-0.0337097556	0.0521093122	0.0654165639	-0.0433814508	-0.0328300138	-0.058122913099999986	0.058890276	0.025757654900000003	0.0337816886	-0.0682654153	-0.08345705519999999	0.0075353985	0.0889404128	0.0571847471	-0.047328225099999996	-0.09162454240000001	-0.0193451075	-0.07938239999999999	-0.005774500000000003	0.00630156542976	3.3344850250000016e-05	-0.189912	0.04865999999999998	0.0023677955999999983	0.036066567744	-0.228727	-0.12512099999999998	0.015655264640999998	0.05231604052899999	0.00189273	0.00057605	3.5824268529e-06	3.3183360250000007e-07	0.000593254	-0.00026853	7.21083609e-08	3.51950308516e-07	-0.00241074	0.00032723	5.811667347600002e-06	1.0707947289999998e-07	0.0	0.0	0.0	0.0	0.0	0.0	0.0	0.0	0.0	0.0	0.0	0.0	0.0	0.0	0.0	0.0	0.0	0.0	0.0	0.0	0.0	0.0	0.0	0.0	0.0	0.0	0.0	0.0	0.0	0.0	0.0	0.0	0.0	0.0	0.0	0.0	0.0	0.0	0.0	0.0	0.0	0.0	0.0	0.0	0.0	0.0	0.0	0.0	0.0	0.0	0.0	0.0	0.0	0.0	0.0	0.0	0.0	0.0	0.0	0.0	0.0	0.0	0.0	0.0	0.0	0.0	0.0	0.0	0.0	0.0	0.0	0.0	0.0	0.0	0.0	0.0	0.0	0.0	0.0	0.0	0.0	0.0	0.0	0.0	0.0	0.0	0.0	0.0	0.0
333.5771542279951	-1.7205799805180961	111273.71782284764	2.9603954693596517	237.5330817942876	-0.456195170969437	56421.964946691725	0.2081140340158338	230.01678734192046	-0.9495264102874046	0.9016004038332844	52907.72245909826	1.139501	53.25359	0.36279525	0.0374684156	0.1176048027	-0.00950295	0.0774001282	0.058330764699999996	-0.0269405141	-0.0335515104	-0.0029722368	0.0031152362	-0.0564733813	0.111544815	0.0632690099	0.0134479827	0.0670350455	0.0080091764	-0.008887735	-0.009581187	-0.1163189836	0.0049664458	0.042686220899999995	0.09586717980000001	-0.0891279407	0.044900659800000006	0.04641850559999999	-0.027388531600000002	-0.027913826200000002	-0.026173115299999997	0.0405107448	0.0969746842	-0.11702285970000001	0.0296281031	0.0104339867	0.07045916940000001	0.09971765640000001	-0.022142948500000002	0.0259832608	0.0165824062	0.036361633	0.0042100291	0.08591665130000001	-0.0057120929	0.10109534740000001	-0.1179925705	-0.0004585543	0.0477294052	-0.0981405397	-0.0413849436	0.030451203599999997	-0.0717344809	0.061158049900000004	0.09725432490000001	0.0441503558	0.0084711483	-0.0571987412	0.0355528788	0.0176583851	0.0173096575	-0.0180600812	0.0160121512	0.10713366210000001	-0.1187079632	-0.0035021277	-0.0337050519	0.0562199736	-0.0634784893	-0.0039399455	0.08693264	-0.0642265549	0.0199495667	-0.1045328587	0.0825131003	-0.016896025500000002	0.0895379223	-0.0144683513	0.0510813763	-0.06332263490000001	0.0772024046	0.0219661361	-0.0007235066	0.0120473796	-0.0507333771	-0.047861543799999996	-0.0301458839	0.0107912903	-0.019976041599999998	0.0398449099	-0.09439312550000001	0.0200648718	0.0009406934	0.1253002098	0.09387171539999999	0.0391489479	0.08768208220000001	-0.0032876303000000003	0.028134128300000002	0.0074314563	-0.09576417179999999	0.0836333616	0.093397165	-0.061245655	-0.0718719947	-0.0256226324	0.0556961262	0.0326075169	-0.0699445598	-0.08173569509999999	0.012534436599999999	0.0905397255	0.051059526699999996	-0.0546761568	-0.08946337089999999	-0.0081617885	-0.0920689	-0.012686500000000005	0.00847668234721	0.00016094728225000008	-0.0143835	0.1755285	0.03081025431225	0.00020688507225	-0.297655	-0.06892800000000003	0.004751069184000002	0.088598499025	0.00283613	0.0009434	8.0436333769e-06	8.900035600000002e-07	4.7519e-05	-0.000545735	2.97826690225e-07	2.258055361e-09	-0.00178683	0.0006239100000000001	3.192761448900001e-06	3.892636881000001e-07	0.0	0.0	0.0	0.0	0.0	0.0	0.0	0.0	0.0	0.0	0.0	0.0	0.0	0.0	0.0	0.0	0.0	0.0	0.0	0.0	0.0	0.0	0.0	0.0	0.0	0.0	0.0	0.0	0.0	0.0	0.0	0.0	0.0	0.0	0.0	0.0	0.0	0.0	0.0	0.0	0.0	0.0	0.0	0.0	0.0	0.0	0.0	0.0	0.0	0.0	0.0	0.0	0.0	0.0	0.0	0.0	0.0	0.0	0.0	0.0	0.0	0.0	0.0	0.0	0.0	0.0	0.0	0.0	0.0	0.0	0.0	0.0	0.0	0.0	0.0	0.0	0.0	0.0	0.0	0.0	0.0	0.0	0.0	0.0	0.0	0.0	0.0	0.0	0.0
329.64510788400815	-3.93204634398694	108665.89715185938	15.460988451261061	237.38548634764413	-0.14759544664346436	56351.86912850754	0.02178441586988373	229.31337113385368	-0.7034162080667841	0.4947943617710533	52584.622180772516	1.032941	48.273602	0.13201610000000005	0.0154161314	0.0104350328	-0.055545761	-0.0541647375	0.0461871092	-0.0813042679	2.7071799999999997e-05	0.0021627091	0.022718993599999997	0.016000786200000002	-0.0471405725	0.044107753799999996	-0.050317741500000006	0.0808413972	0.0202954587	-0.026404116600000003	-0.0365501347	-0.0615402861	-0.0499588952	0.0397524868	0.0734744865	0.0020353598000000003	0.049383377	0.050415807300000004	-0.06578575269999999	0.0033260812	-0.0050308294	-0.0010719852	-0.1051403524	0.027891567000000003	0.0345058485	0.0053694009	0.0416140706	-0.022831667000000003	0.0571002221	0.079119451	-0.0396318069	-0.168605776	-0.0280018569	0.1083052427	0.0031761760999999998	0.0095574796	0.077112423	0.11889292359999999	0.0373148221	-0.1026425567	-0.0705911902	-0.0013444027	-0.0507900674	0.0534358602	-0.0217394657	-0.0878649245	-0.01733294	-0.040244202	0.08266378860000001	2.8431599999999997e-05	-0.0015235102	-0.0063368871	0.0214067584	-0.052538024100000004	-0.0102582635	0.009364289	-0.0692179771	0.053833485300000004	-0.0205717024	-0.0135171305	0.039310153199999996	-0.0160026574	-0.0621439776	-0.0477587784	-0.018837376200000002	0.015176889099999999	0.0770875811	0.0408256226	0.0195348926	0.0425528182	-0.0059311876	-0.022529043399999997	-0.0098033418	0.055776090800000004	-0.0350906604	0.0287940805	0.0131010894	0.0042705118	0.10378752529999999	0.0575928967	-0.07344737309999999	-0.027935886099999998	0.11308422289999999	-0.0340770845	0.0282532954	-0.1370676361	-0.054871774500000005	-0.086232611	-0.0423002367	0.10231174720000001	-0.0659321662	-0.0863759857	0.0116868441	0.11468980470000001	-0.0781829639	-0.0410984658	-0.0298095222	0.0314273661	-0.071572405	-0.079879464	0.0174967091	0.0917241444	0.0445974349	-0.061533189	-0.0862533231	0.0031426060999999996	-0.09427	-0.0022011000000000114	0.0088868329	4.84484121000005e-06	0.061334300000000015	0.0757178	0.00573318523684	0.003761896356490001	-0.320612	-0.022957	0.0005270238490000002	0.10279205454399999	0.00256939	-0.0002667400000000001	6.6017649721e-06	7.115022760000006e-08	-0.000205845	-0.000253364	6.4193316496e-08	4.2372164025e-08	-0.00188953	-0.00010269999999999984	3.5703236209e-06	1.0547289999999968e-08	0.0	0.0	0.0	0.0	0.0	0.0	0.0	0.0	0.0	0.0	0.0	0.0	0.0	0.0	0.0	0.0	0.0	0.0	0.0	0.0	0.0	0.0	0.0	0.0	0.0	0.0	0.0	0.0	0.0	0.0	0.0	0.0	0.0	0.0	0.0	0.0	0.0	0.0	0.0	0.0	0.0	0.0	0.0	0.0	0.0	0.0	0.0	0.0	0.0	0.0	0.0	0.0	0.0	0.0	0.0	0.0	0.0	0.0	0.0	0.0	0.0	0.0	0.0	0.0	0.0	0.0	0.0	0.0	0.0	0.0	0.0	0.0	0.0	0.0	0.0	0.0	0.0	0.0	0.0	0.0	0.0	0.0	0.0	0.0	0.0	0.0	0.0	0.0	0.0
334.14051942713564	4.495411543127489	111649.88672303602	20.208724942083872	238.27301530124146	0.8875289535973252	56774.029820745636	0.787707643473563	229.9750817664964	0.6617106326427233	0.4378609613524332	52888.5382335067	0.962965	45.003334	0.1482531	0.0606733703	-0.010182803	-0.1020490089	-0.0766864176	0.023073483199999998	-0.0769006847	-0.01496319	-0.0573311538	-0.060997460199999985	0.0892119141	-0.050786055999999996	0.0063887192	-0.0133084833	-0.011882933500000002	-0.0370501313	-0.0384406723	0.0444288938	0.028547754100000006	0.0529786543	-0.0246828313	-0.020732271200000003	0.0521389429	-0.010658303000000001	-0.043953720999999994	-0.0614091013	-0.024728773199999998	-0.0068466464	-0.0105037978	-0.048320462	-0.0749650388	0.0948049249	-0.059779182300000004	0.0376908485	0.027025605499999997	-0.015889614399999998	0.14209577240000001	-0.1046993961	0.0419473659	-0.0504626293	0.021567725899999998	-0.0095633599	-0.0636187596	-0.024269313900000002	-0.0168415376	0.0212185891	0.0104324104	-0.10405316380000001	-0.0613684233	0.0026908373	-0.0055854005000000005	0.0334986268	-0.12011132949999999	0.0225954282	-0.0190907685	0.0767918242	0.0027825167	0.06301093940000001	0.0829220315	0.0324160572	-0.0747552984	0.0378351752	-0.012859497	0.0032196318	-0.1017915908	0.0142820011	-0.0187601106	0.013548169399999999	-0.0101213111	0.026216345099999996	0.0107300071	-0.08596571869999999	0.0805008758	-0.0076804806	-0.053105611100000005	0.0562109437	-0.0593190812	0.0962823268	-0.0044011847	0.058265347099999996	0.0688755411	0.0436045716	-0.0563408928	-0.0245444943	-0.0750850038	0.0962095938	0.0677965966	0.0372011856	-0.0128831975	0.051419186299999996	-0.0275882521	-0.029495135899999997	0.06901536700000001	-0.012537870800000002	-0.057480956799999997	0.08131506570000001	0.0508311237	-0.0614619164	-0.0149552814	-0.0830963126	-0.0434374652	-0.0436495627	-0.0595177893	0.005898365500000001	0.030241452599999996	-0.07314775700000001	-0.0778914249	0.0224076607	0.0924882418	0.0378411062	-0.06783775709999999	-0.0820320339	0.014400381799999999	-0.0736345	0.020635499999999998	0.005422039590250001	0.0004258238602500001	0.0581977	-0.00313660000000001	9.838259560000065e-06	0.00338697228529	-0.296918	0.02369400000000005	0.0005614056360000023	0.08816029872399997	0.00121064	-0.00135875	1.4656492096e-06	1.8462015625e-06	0.000348445	0.00055429	3.072374041e-07	1.2141391802500002e-07	-0.00178683	0.00010269999999999984	3.192761448900001e-06	1.0547289999999968e-08	0.0	0.0	0.0	0.0	0.0	0.0	0.0	0.0	0.0	0.0	0.0	0.0	0.0	0.0	0.0	0.0	0.0	0.0	0.0	0.0	0.0	0.0	0.0	0.0	0.0	0.0	0.0	0.0	0.0	0.0	0.0	0.0	0.0	0.0	0.0	0.0	0.0	0.0	0.0	0.0	0.0	0.0	0.0	0.0	0.0	0.0	0.0	0.0	0.0	0.0	0.0	0.0	0.0	0.0	0.0	0.0	0.0	0.0	0.0	0.0	0.0	0.0	0.0	0.0	0.0	0.0	0.0	0.0	0.0	0.0	0.0	0.0	0.0	0.0	0.0	0.0	0.0	0.0	0.0	0.0	0.0	0.0	0.0	0.0	0.0	0.0	0.0	0.0	0.0
337.67695876661566	3.536439339480012	114025.72848187064	12.506403201821824	238.75683423703487	0.4838189357934084	57004.825894890935	0.23408076263226624	231.23328393016297	1.2582021636665672	1.5830726846552312	53468.83159712736	0.8420799999999999	39.353859	0.2146657	0.0599894123	-0.007352732299999999	-0.06812158230000001	-0.0753094057	0.0017793773999999999	-0.051599640999999995	-0.0422874265	-0.0646902264	-0.04446163980000002	0.10600011949999999	-0.0857191586	0.0287758557	-0.005608289200000001	0.0139244881	0.058418821100000004	0.059039164299999995	0.011637539799999999	-0.10065606810000001	0.0580322112	-0.0095635069	-0.0650737154	0.08924072400000001	-0.035413419700000004	0.045291734400000006	0.027458172599999997	-0.0297866039	-0.0290867225	0.0021954468	0.022554403100000002	-0.0598783714	0.0602802975	-0.0328294107	0.0610221537	0.0584732225	-0.0289052242	-0.0672502271	0.007480655500000002	0.0228595033	0.09370342699999999	0.0490714323	-0.0589980742	-0.023709356400000003	0.0393593089	0.0349578981	-0.0887178651	0.0322916531	0.0130058443	-0.0408425098	-0.0099675973	-0.0677411058	0.0076420702	-0.1239687858	0.0648110915	0.0025179745000000003	0.056131367800000005	0.015495298999999999	0.0822957349	0.0642407265	0.031456947	-0.10020294939999999	0.0123038637	-0.0312476967	-0.0159297548	0.0483756531	0.0078572535	0.0071873589	0.11913509859999999	0.0180522023	0.0431743326	0.046756909400000005	-0.026163455699999998	-0.0547326059	-0.0365845407	-0.060380163499999986	-0.0543419912	-0.1014262382	0.038011464700000004	-0.0337484521	0.0727013062	-0.0144097573	-0.1267071208	-0.09152997449999999	0.0163026309	0.034055077	0.038890256	-0.037130992	0.1184835139	0.0424726181	0.08011182509999999	-0.030189254199999998	-0.0922700864	-0.0030328090999999996	0.058125034699999995	-0.0107856403	-0.0228519796	-0.015229116200000004	0.0794288009	-0.0006599034	0.0343663981	0.0005861085	-0.0337610511	-0.08862344929999999	0.036473507599999996	0.0290499939	-0.07466946049999999	-0.0757748583	0.0272528867	0.09282851630000001	0.030835116099999997	-0.0735332567	-0.07684899419999999	0.025444536	-0.08108519999999997	-0.007450699999999963	0.006574809659039994	5.551293048999945e-05	-0.0267204	-0.08491810000000001	0.0072110837076099984	0.0007139797761600001	-0.346077	-0.049159000000000064	0.0024166072810000057	0.11976928992900003	0.000432972	-0.000777668	1.8746475278399998e-07	6.04767518224e-07	-0.000308555	-0.000657	4.316490000000001e-07	9.5206188025e-08	-0.00175874	2.8090000000000146e-05	3.0931663876e-06	7.890481000000083e-10	0.0	0.0	0.0	0.0	0.0	0.0	0.0	0.0	0.0	0.0	0.0	0.0	0.0	0.0	0.0	0.0	0.0	0.0	0.0	0.0	0.0	0.0	0.0	0.0	0.0	0.0	0.0	0.0	0.0	0.0	0.0	0.0	0.0	0.0	0.0	0.0	0.0	0.0	0.0	0.0	0.0	0.0	0.0	0.0	0.0	0.0	0.0	0.0	0.0	0.0	0.0	0.0	0.0	0.0	0.0	0.0	0.0	0.0	0.0	0.0	0.0	0.0	0.0	0.0	0.0	0.0	0.0	0.0	0.0	0.0	0.0	0.0	0.0	0.0	0.0	0.0	0.0	0.0	0.0	0.0	0.0	0.0	0.0	0.0	0.0	0.0	0.0	0.0	0.0
336.4940894323852	-1.1828693342304746	113228.27222293006	1.3991798618628462	238.52914953344435	-0.2276847035905121	56896.155177148255	0.05184032424909934	230.61984538227867	-0.6134385478843001	0.3763068520303987	53185.51308414612	1.034224	48.333549	0.4579687500000001	0.07515762969999999	-0.09795404029999999	0.0350355301	0.0490100775	0.007342766800000002	0.11786038539999999	0.018287861000000002	-0.036400371200000003	-0.1136387407	-0.029889655499999997	-0.0507217185	0.0490387479	0.0288877507	-0.0052421766	-0.0012736323	0.0010356685	-0.027640327599999997	-0.041662221400000005	0.0073409941000000005	-0.0024200193	0.025540604900000003	-0.059963324900000003	0.0430363227	0.056025225	0.072625254	0.015683135	-0.0149422064	0.08882598189999999	0.0469610085	-0.1470489367	0.0065732302	-0.0224174763	-0.1771283182	-0.0170525409	0.07353397219999999	-0.025821632200000003	0.0332142395	-0.011821079299999999	0.0830433506	0.08285667570000001	-0.0404534551	-0.0977025857	-0.0182975366	-0.029488353199999998	-0.011508938500000001	0.08849708140000001	-0.1014745246	-0.1138223564	0.0265607512	-0.06653598549999999	0.0154616279	0.0639741012	0.0319813459	-0.0060390934	-0.11460494289999999	0.0364964134	0.051892288200000004	0.0923272157	-0.09084868410000001	-0.022100221	-0.044812811900000006	0.0250744175	-0.027267448700000002	0.0425282424	-0.0126995083	-0.0004466308	0.06654245269999999	0.0044376534	0.0330998059	0.0373774858	0.0919724791	-0.0583736299	0.0385756016	-0.0198918953	0.0263103076	-0.0542216267	0.1092379207	-0.0911741502	-0.0548058738	-0.024527138700000003	0.1073547985	0.0472484913	-0.0129418862	-0.09104348400000001	-0.0406205113	-0.05370809730000002	0.0684918542	0.1421038999	0.0794528919	-0.0257562096	-0.0058643004	0.0518104621	-0.0660386357	0.0769684427	-0.0239670977	-0.0676901563	0.0716028542	-0.028752628199999998	0.0624036304	0.0067145925	0.0831727018	-0.18665297620000001	-0.0710320011	0.0278532085	-0.07613639929999999	-0.0735332567	0.0320181754	0.0927434086	0.023625687700000002	-0.0785685519	-0.07076497030000001	0.0361112347	-0.114932	-0.033846800000000024	0.013209364624	0.0011456058702400016	-0.338681	-0.31196060000000003	0.09731941595236003	0.114704819761	-0.311675	0.034402000000000044	0.001183497604000003	0.097141305625	0.00169423	0.0012612580000000001	2.8704152929e-06	1.5907717425639997e-06	-0.000540384	-0.000231829	5.374468524099998e-08	2.92014867456e-07	-0.00182084	-6.210000000000005e-05	3.3154583056e-06	3.856410000000006e-09	0.0	0.0	0.0	0.0	0.0	0.0	0.0	0.0	0.0	0.0	0.0	0.0	0.0	0.0	0.0	0.0	0.0	0.0	0.0	0.0	0.0	0.0	0.0	0.0	0.0	0.0	0.0	0.0	0.0	0.0	0.0	0.0	0.0	0.0	0.0	0.0	0.0	0.0	0.0	0.0	0.0	0.0	0.0	0.0	0.0	0.0	0.0	0.0	0.0	0.0	0.0	0.0	0.0	0.0	0.0	0.0	0.0	0.0	0.0	0.0	0.0	0.0	0.0	0.0	0.0	0.0	0.0	0.0	0.0	0.0	0.0	0.0	0.0	0.0	0.0	0.0	0.0	0.0	0.0	0.0	0.0	0.0	0.0	0.0	0.0	0.0	0.0	0.0	0.0
335.40119920834417	-1.092890224041014	112493.96443039537	1.1944090418044175	238.22952507505585	-0.2996244583885073	56753.30661748666	0.08977481606460633	230.08059157324246	-0.5392538090362109	0.2907946705600622	52937.07861869322	1.098088	51.318192	0.18695645	0.0168655126	0.0629315559	0.035158901299999996	0.090710834	0.0175146323	0.0706699675	-0.0309690549	-0.030122649900000006	0.028840818900000002	-0.1064568286	0.0581191767	0.0359190551	-0.0076441928000000004	0.045361730999999995	-0.015492896	-0.029965231499999998	-0.0195251153	0.0053399157	0.0080543225	0.0595961678	-0.11419760539999999	-0.0406877351	-0.0255206409	0.05634697280000001	0.0046184249	-0.028606304500000002	0.0124129597	0.0710629342	0.054528570199999994	-0.0235350901	-0.0116228546	-0.0383470029	0.0168431053	0.1242398249	0.12499507160000001	-0.039125122400000004	0.030998105699999997	0.0566048748	0.0275664578	0.0711565164	0.0597850135	-0.11090232800000001	0.0172981742	0.0947635443	0.08202314599999999	-0.0794446224	0.036544102099999996	0.0333753902	-0.0563896043	0.0142149825	0.0505516127	0.0812435372	0.037542746	-0.0115676842	-0.071180033	0.0086681893	0.0517931286	-0.0681077468	-0.0237207154	0.08726908789999999	-0.0734697032	0.0428982274	-0.04674405	-0.0284873165	-0.0267705127	0.049221921200000004	0.0016324753	0.026014956000000002	-0.0032314399	0.0190376545	0.07323709469999999	-0.0072497735	0.024766537	-0.0760830788	-0.0827120705	0.0684037892	0.0586615562	0.13444097630000001	-0.0683692748	0.0166630804	-0.0094444651	-0.0664835225	0.0076994227	0.06723507320000001	0.0452944089	-0.007307501	0.048416787999999995	-0.028735873999999998	0.1115202268	0.015395098400000001	-0.0064787437	-0.0318487909	0.0024141058	0.09677824380000001	0.083814554	-0.08758512869999999	-0.0869051849	0.020086433799999998	-0.0415482903	0.056389102300000014	0.09377418109999999	-0.0876645868	0.0072712559	0.026651315699999997	-0.0775474976	-0.0711703189	0.0366895492	0.09223330880000001	0.016260386	-0.0828984341	-0.0638512918	0.0462422434	-0.11221	0.0027220000000000018	0.0125910841	7.409284000000013e-06	-0.27473800000000004	0.06394299999999997	0.004088707248999996	0.07548096864400003	-0.239185	0.07249	0.0052548001	0.057209464224999985	0.00230206	0.00060783	5.2994802436e-06	3.694573088999999e-07	-0.000308555	0.000231829	5.374468524099998e-08	9.5206188025e-08	-0.00193721	-0.00011636999999999994	3.7527825841e-06	1.3541976899999994e-08	0.0	0.0	0.0	0.0	0.0	0.0	0.0	0.0	0.0	0.0	0.0	0.0	0.0	0.0	0.0	0.0	0.0	0.0	0.0	0.0	0.0	0.0	0.0	0.0	0.0	0.0	0.0	0.0	0.0	0.0	0.0	0.0	0.0	0.0	0.0	0.0	0.0	0.0	0.0	0.0	0.0	0.0	0.0	0.0	0.0	0.0	0.0	0.0	0.0	0.0	0.0	0.0	0.0	0.0	0.0	0.0	0.0	0.0	0.0	0.0	0.0	0.0	0.0	0.0	0.0	0.0	0.0	0.0	0.0	0.0	0.0	0.0	0.0	0.0	0.0	0.0	0.0	0.0	0.0	0.0	0.0	0.0	0.0	0.0	0.0	0.0	0.0	0.0	0.0
340.0663761482845	4.665176939940352	115645.14018662654	21.76387588095123	238.5730329804816	0.3435079054257528	56917.09206550597	0.11799768108998795	230.02817383827545	-0.0524177349670083	0.002747618939071525	52912.96075937187	0.986396	46.098339	0.54347239	0.0475417076	0.054405902199999995	0.0095916676	-0.030463178799999997	0.0255299943	0.018339708700000002	-0.0628872793	-0.0483631047	-0.0372023811	-0.023963496	0.0212294487	-0.014466868400000001	0.0238813933	0.0158126614	-0.1029537581	-0.1019716337	0.0139839927	0.0454376723	-0.0042742276000000004	-0.0073205443000000005	-0.10623368	0.12911495550000002	0.0240789094	-0.0825031519	-0.0108832146	0.0291096408	0.0147864802	-7.29404e-05	-0.0046387845	-0.0620196961	-0.0015043129000000001	0.045481841399999993	-0.024942082200000004	-0.05263756730000002	0.1298138965	0.0012155641	-0.0143768785	-0.046847761200000004	-0.028275162000000006	0.023388534199999998	-0.0534797093	-0.1242630978	-0.0394763281	0.1791843849	0.0087577839	0.0161381321	0.07371957280000001	0.0204719363	0.000152406	-0.0592904689	0.0861204585	0.004764517	0.04455618769999999	-0.027913674700000002	-0.0120813921	0.0388512207	0.067550933	-0.0027393991999999996	-0.0204367009	0.0328614469	-0.0125924751	0.0175566928	-0.0204279689	-0.1540685626	0.0039449381	-0.0082550286	-0.020034334299999998	0.0960497518	-0.0017290697	0.08507273789999999	-0.1113282039	-0.0058084854000000005	0.029497311600000006	-0.004890499699999999	-0.0050924917	-0.0979068793	-0.021371784700000004	0.09799926630000001	-0.0040742387	-0.0023244461	0.0577495127	0.053534130199999995	-0.0710359746	0.0710229841	-0.0144743703	0.088264711	0.0133588925	-0.0534625686	0.07776248870000001	-0.11464269380000001	0.0245335687	-0.1104201343	-0.0762231114	-0.000442079	-0.0537380724	-0.058065760099999995	0.037756951600000005	0.0363442686	-0.09180935	0.0800540869	0.027601683	-0.006892445	-0.0030255453000000002	0.025444536	-0.0789017205	-0.068689944	0.0412533063	0.0913005544	0.0087878044	-0.0864840284	-0.056189015300000006	0.0556872742	-0.00224886	0.10996114	5.0573712996e-06	0.012091452310099596	-0.035617	0.23912100000000006	0.05717885264100001	0.0012685706890000002	-0.270206	-0.031021000000000017	0.0009623024410000012	0.073011282436	0.00193873	-0.0003633299999999998	3.7586740129e-06	1.3200868889999983e-07	0.00150431	0.001812865	3.2864795082250007e-06	2.2629485761e-06	-0.0030284	-0.00109119	9.17120656e-06	1.1906956161000004e-06	0.0	0.0	0.0	0.0	0.0	0.0	0.0	0.0	0.0	0.0	0.0	0.0	0.0	0.0	0.0	0.0	0.0	0.0	0.0	0.0	0.0	0.0	0.0	0.0	0.0	0.0	1.0	0.0	0.0	0.0	0.0	0.0	0.0	0.0	0.0	0.0	0.0	0.0	0.0	0.0	0.0	0.0	0.0	0.0	0.0	0.0	0.0	0.0	0.0	0.0	0.0	0.0	0.0	0.0	0.0	0.0	0.0	0.0	0.0	0.0	0.0	0.0	0.0	0.0	0.0	0.0	0.0	0.0	0.0	0.0	0.0	0.0	0.0	0.0	0.0	0.0	0.0	0.0	0.0	0.0	0.0	0.0	0.0	0.0	0.0	0.0	0.0	0.0	0.0
330.1339243397116	-9.93245180857292	108988.40799993844	98.65359892962348	236.353979579238	-2.219053401243599	55863.203662942855	4.9241979975707855	227.28758344611882	-2.740590392156633	7.51083569758125	51659.64558877642	1.086393	50.771656	0.30891366	0.1622025706	-0.057196307	0.0528234493	0.0475645224	0.14814367109999999	0.06512944450000001	0.052268177199999995	-0.00687998	-0.0344020247	0.0576189988	0.0233941625	0.011713734699999999	0.0132748307	-0.09697917130000001	-0.0839403093	-0.0965770527	0.0728267896	-0.0025644554	-0.0067342072	-0.1214449281	0.005504178100000001	0.0248853762	0.0398598367	-0.032495382999999996	-0.0454322278	-0.0126037453	0.0354548928	0.0343245011	-0.0359322814	-0.0754436098	0.0564404638	0.12068395470000001	-0.07285410769999999	-0.0921276945	-0.034060856	-0.0156327351	0.0135576255	0.0018942453	0.0097072252	-0.0641178118	0.021416600299999998	0.0708625062	0.0441610942	-0.0792942827	0.0036399756	-0.042375708	0.0982446828	-0.11919261519999999	-0.1042232872	-0.0258881209	-0.0052946129000000005	0.0702635267	-0.0094145836	-0.1449986602	-0.0695252112	-0.022023466600000003	-0.0135165803	0.0849355562	0.0205847354	-0.0139014916	-0.0138819857	0.0265117861	0.0669954267	-0.1260729068	0.0385077825	-0.040875665	0.0169488914	0.042658123799999996	0.09934476589999999	-0.039997084599999996	-0.0153293653	0.0316308706	0.09626697470000001	0.045989550700000006	-0.0009339032000000001	-0.0607554567	0.0622780848	-0.10553500380000001	0.010012699	-0.043199781799999996	-0.012061473100000001	0.0195805718	0.0365831992	0.014365195800000001	-0.0593040941	-0.0134555419	-0.0403536817	0.0486457698	-0.0201772619	0.0297074919	-0.0194166471	0.058287548099999996	0.0075773738	-0.0704761734	-0.0416224517	-0.0393039675	-0.0072991666	-0.0732159755	0.042527399400000006	0.0502828598	0.0104730494	0.1226734864	-0.0348443315	0.0242330906	-0.0801980746	-0.0660962247	0.0456960603	0.08994941960000001	0.0012572441	-0.08929314220000001	-0.0478679739	0.0643062155	0.0313553	0.03360416	0.00098315483809	0.0011292395693056	0.0465835	0.08220050000000001	0.006756922200250003	0.00217002247225	-0.409592	-0.13938599999999998	0.019428456995999998	0.16776560646400002	0.00262843	0.0006897000000000001	6.908644264900001e-06	4.756860900000002e-07	0.00176965	0.00026534	7.040531559999999e-08	3.1316611225e-06	-0.00314782	-0.00011941999999999986	9.9087707524e-06	1.4261136399999964e-08	0.0	0.0	0.0	0.0	0.0	0.0	0.0	0.0	0.0	0.0	0.0	0.0	0.0	0.0	0.0	0.0	0.0	0.0	0.0	0.0	0.0	0.0	0.0	0.0	0.0	0.0	0.0	0.0	0.0	0.0	0.0	0.0	0.0	0.0	0.0	0.0	0.0	0.0	0.0	0.0	0.0	0.0	0.0	0.0	0.0	0.0	0.0	0.0	0.0	0.0	0.0	0.0	0.0	0.0	0.0	0.0	0.0	0.0	0.0	0.0	0.0	0.0	0.0	0.0	0.0	0.0	0.0	0.0	0.0	0.0	0.0	0.0	0.0	0.0	0.0	0.0	0.0	0.0	0.0	0.0	0.0	0.0	0.0	0.0	0.0	0.0	0.0	0.0	0.0
334.3439995480521	4.210075208340527	111785.91003378788	17.72473325988353	236.05698970055508	-0.2969898786829219	55722.90238648797	0.08820298804009669	228.43907189284576	1.1514884467269442	1.3259256429456299	52184.409567264745	1.262328	58.993813	0.607084355	-0.031301409100000004	0.1065021698	0.1372499861	-0.0441163239	0.064510069	-0.015428528	-0.0190811816	0.1083982188	0.1865269646	0.058362326799999996	0.058635297999999995	0.0038996023	0.06195896820000001	0.0175990028	0.0085520511	0.012452991299999999	0.011092471599999999	-0.0471392432	-0.0533405232	-0.0596520058	-0.0320528311	-0.0144238019	0.041050642000000005	0.0038646862	0.044617207699999994	-0.0184703626	-0.06736764070000001	0.0064914472	0.1676900166	0.0915687211	-0.0881690637	0.0009757882000000001	-0.0632752899	-0.1129332074	-0.0761624185	-0.009239898	0.1420094492	-0.0677669487	0.10460422800000001	0.026751913399999997	0.05651983150000001	-0.020074116200000002	-0.0114570505	0.066363698	-0.08110415	-0.065058952	0.12484522099999999	0.164253852	-0.1219400791	-0.0153795982	-0.0505691167	0.0150712528	-0.0573196287	-0.07770601349999999	0.0049332568	-0.035695435899999996	-0.1359762084	-0.10682549820000001	0.0985657959	-0.0179728379	-0.0562374918	-0.0334420677	0.0097287602	0.0386343096	0.0125267003	-0.0086155625	0.0323554091	0.0034710999	0.053203544000000005	0.0582600997	0.0361231508	-0.0031319426	-0.053487990199999995	-0.07762372320000001	0.0269322973	0.0569842889	-0.1578960149	-0.03234997	-0.0199711628	-0.0351162834	-0.0319971003	0.0857749868	-0.0009382381	-0.0782116846	-0.0620629482	-0.1607769744	-0.053655126799999994	-0.0142461674	-0.0183508619	-0.0648681915	0.0084621511	-0.1728090989	-0.10816690890000001	-0.0192154925	-0.0129465013	0.0313945729	-0.1044809414	-0.0951624593	0.0674973606	0.0448881476	0.10105699619999996	0.081779244	-0.0033712260999999998	0.0230172018	-0.0814356093	-0.063393441	0.050004779900000004	0.0881860959	-0.0062816109	-0.0913005544	-0.0389857244	0.07197121	-0.147373	-0.17872829999999998	0.021718801129	0.03194380522089	0.0400194	-0.006564099999999996	4.3087408809999954e-05	0.0016015523763600002	-0.15831199999999998	0.2512800000000001	0.06314163840000002	0.025062689343999998	0.00157251	-0.00105592	2.4727877001e-06	1.1149670464000003e-06	7.588090000000001e-05	-0.0016937691	2.86885376411481e-06	5.757910984810001e-09	-0.00248727	0.0006605499999999997	6.186512052900001e-06	4.363263024999997e-07	0.0	0.0	0.0	0.0	0.0	0.0	0.0	0.0	0.0	0.0	0.0	0.0	0.0	0.0	0.0	0.0	0.0	0.0	0.0	0.0	0.0	0.0	0.0	0.0	0.0	0.0	0.0	1.0	0.0	0.0	0.0	0.0	0.0	0.0	0.0	0.0	0.0	0.0	0.0	0.0	0.0	0.0	0.0	0.0	0.0	0.0	0.0	0.0	0.0	0.0	0.0	0.0	0.0	0.0	0.0	0.0	0.0	0.0	0.0	0.0	0.0	0.0	0.0	0.0	0.0	0.0	0.0	0.0	0.0	0.0	0.0	0.0	0.0	0.0	0.0	0.0	0.0	0.0	0.0	0.0	0.0	0.0	0.0	0.0	0.0	0.0	0.0	0.0	0.0
333.9743293592045	-0.3696701888476355	111538.85267093038	0.13665604852264648	238.0403366928357	1.983346992280616	56663.20189283857	3.9336652917885657	229.98236808106446	1.5432961882187044	2.3817631245703828	52891.88962817422	1.099081	51.364616	0.313097295	-0.027631219	0.05854073	-0.072229566	-0.0420935563	-0.0016539714	-0.1096735672	-0.0296878971	0.0146492676	0.0200699556	0.040098558	0.0423193773	0.0178213046	0.0349709493	-0.0003763118	0.0904020062	0.1242587247	0.0056341287	0.0686646549	-0.0184814491	0.0248989165	0.0724174722	0.0093603482	-0.10215817599999999	0.09791690310000001	-0.07571849	-0.0199348988	0.0335006804	-0.0393926509	-0.0328754603	-0.0125974884	-0.0767606775	0.007909775400000001	-0.1462182068	-0.0390209561	-0.08322522610000001	-0.1016815324	-0.0609498025	-0.043626796600000003	-0.0164041346	-0.0080402872	-0.0042759054	0.0228720222	0.0483857842	-0.0341849494	0.0666855994	-0.0321648437	-0.0952714118	0.0477244493	-0.0098673684	0.0559286623	0.0304219394	-0.0647051283	-0.0294889676	-0.0025020975	0.11340203369999999	0.0004906608	-0.011046193400000001	-0.0047580055	0.0568511502	-0.0177155625	-0.0329962315	-0.0755548695	0.05586617	0.10577450640000001	0.024556681400000002	-0.0141501992	-0.1109374219	-0.0798511051	0.0079110536	-0.016019241599999998	-0.0689620658	-0.0676065161	-0.024459231	0.0192433907	-0.1287284009	0.049184930700000004	0.053321596799999996	-0.1009972776	0.033429935699999996	0.1072049009	0.06718163320000001	0.014736988999999999	0.0484153009	-0.0102482294	-0.0529571551	-0.09500598869999999	-0.0219477253	0.0145223822	-0.0144044331	0.0096947572	-0.0641817353	0.0034168411	0.11819175720000001	0.0442405312	-0.031114819	0.0835914041	0.0613658984	0.13935956929999999	-0.0070678747	0.0598691228	-0.00789151	-0.017549701799999998	-0.0250841286	0.021797092400000002	-0.08261341679999999	-0.0605860527	0.0541668268	0.0860186637	-0.0137790222	-0.0924882418	-0.0296464028	0.0785685519	-0.252368	-0.10499499999999998	0.063689607424	0.011023950024999995	0.0870309	0.04701149999999999	0.0022100811322499987	0.0075743775548099985	-0.121173	0.037138999999999985	0.0013793053209999984	0.014682895929000003	0.000412002	-0.0011605080000000002	1.6974564800399994e-07	1.3467788180640005e-06	-0.000998087	-0.0010739679	1.15340705023041e-06	9.961776595690001e-07	-0.00273183	-0.00024456	7.462895148900001e-06	5.980959360000001e-08	0.0	0.0	0.0	0.0	0.0	0.0	0.0	0.0	0.0	0.0	0.0	0.0	0.0	0.0	0.0	0.0	0.0	0.0	0.0	0.0	0.0	0.0	0.0	0.0	0.0	0.0	0.0	0.0	0.0	0.0	0.0	0.0	0.0	0.0	0.0	0.0	0.0	0.0	0.0	0.0	0.0	0.0	0.0	0.0	0.0	0.0	0.0	0.0	0.0	0.0	0.0	0.0	0.0	0.0	0.0	0.0	0.0	0.0	0.0	0.0	0.0	0.0	0.0	0.0	0.0	0.0	0.0	0.0	0.0	0.0	0.0	0.0	0.0	0.0	0.0	0.0	0.0	0.0	0.0	0.0	0.0	0.0	0.0	0.0	0.0	0.0	0.0	0.0	0.0
329.7443703042764	-4.229959054928088	108731.34974736377	17.89255360636812	238.29072990060547	0.2503932077697755	56782.47195656331	0.06269675849723795	229.03876560432911	-0.94360247673535	0.890385634101087	52458.756149554814	1.2076129999999998	56.43674100000001	0.72142815	-0.016956276	-0.0649870493	-0.1482741726	0.0270259177	-0.0244948685	-0.0770161286	0.08444418	-0.0156445791	-0.0894748544	-0.027273986	-0.024928020099999997	0.0649305553	-0.0851327819	0.0161411661	0.0026365197999999998	0.10217999330000001	-0.0331834768	0.0428237075	0.0644093384	-0.0224374297	-0.0623762316	-0.0846108141	-0.0984462967	-0.0665879517	0.1015978009	0.010447750799999999	0.055412156100000005	-0.0593508125	0.044663405999999996	-0.0184892974	0.0377325447	0.07579851	0.061110825199999996	-0.1166718529	-0.0462811553	0.010734383500000002	0.09598404220000001	-0.0205459586	0.0713998175	-0.0223532498	-0.065104581	0.0060505493	0.0652652053	-0.0002436855	0.09297092550000001	-0.06473583690000001	-0.0488949199	-0.0838415299	0.048284245999999996	0.10211640779999999	0.0069356368000000005	-0.0733763719	-0.0048971683	0.0384991568	0.0647486256	-0.0222785118	0.0025179895	0.0943240584	-0.0562569819	-0.0058608663	-0.0010262879	0.10155245800000001	-0.041965567800000006	0.0670698212	0.0039120478	0.0408589237	-0.044212024100000004	-0.0437404747	0.12132243710000001	-0.0072450975	0.0783892938	-0.0473711685	-0.1678767588	0.1162493077	0.0282526115	-0.0193602301	-0.0009755688000000001	-0.035756643500000004	0.064600407	-0.187203095	-0.0434249776	0.038806440299999995	0.0854765247	0.0271452067	0.023904817000000002	0.0668661233	0.0379972077	0.04232353639999999	-0.047197919500000005	0.024551445	0.0404217008	-0.07185914110000001	0.0202850765	-0.0340695434	0.0269889612	0.0043070817	-0.0074036182	-0.0846418874	0.0008033616	-0.0929934664	0.0071236226	-0.025542599300000003	0.0342765663	0.0205729861	-0.0837306334	-0.0576786922	0.0581699931	0.08345705519999999	-0.0211855248	-0.0928455409	-0.0199595043	0.0840003732	-0.114916	0.13745199999999996	0.013205687056	0.018893052303999992	-0.120633	-0.2076639	0.043124295363210004	0.014552320688999996	-0.0515125	0.0696605	0.00485258526025	0.00265353765625	-0.00326455	-0.003676552	1.06572867025e-05	1.3517034608704e-05	-0.00227689	-0.0012788030000000002	1.6353371128090003e-06	5.184228072100001e-06	-0.00155415	0.0011776800000000002	2.4153822225e-06	1.3869301824000003e-06	0.0	0.0	0.0	0.0	0.0	0.0	0.0	0.0	0.0	0.0	0.0	0.0	0.0	0.0	0.0	0.0	0.0	0.0	0.0	0.0	0.0	0.0	0.0	0.0	0.0	0.0	0.0	0.0	1.0	0.0	0.0	0.0	0.0	0.0	0.0	0.0	0.0	0.0	0.0	0.0	0.0	0.0	0.0	0.0	0.0	0.0	0.0	0.0	0.0	0.0	0.0	0.0	0.0	0.0	0.0	0.0	0.0	0.0	0.0	0.0	0.0	0.0	0.0	0.0	0.0	0.0	0.0	0.0	0.0	0.0	0.0	0.0	0.0	0.0	0.0	0.0	0.0	0.0	0.0	0.0	0.0	0.0	0.0	0.0	0.0	0.0	0.0	0.0	0.0
336.15283369938686	6.408463395110459	112998.72760412765	41.068403086470674	239.47787348207	1.1871435814645397	57349.65188749433	1.4093098830124535	231.783386304007	2.744620699677881	7.532942785100302	53723.53816655254	1.030913	48.17880200000001	0.1863686	-0.0640471767	-0.051083142000000005	-0.05914263190000001	-0.019951678799999997	-0.093409486	-0.0173244863	0.014423108700000001	-0.0264844452	-0.052465344000000004	0.03140731	-0.0487161267	0.08621102539999999	-0.07882132929999999	0.0968871829	-0.0345373803	0.0357510746	-0.08401195789999999	0.09925588099999999	0.0296233014	-0.012857258799999998	0.0549565516	-0.017067282	-0.0699183856	-0.0833833942	0.1380000009	-0.0544357096	0.0749198575	0.1250979995	0.0885696641	-0.0583552771	0.0404283928	0.0114685018	-0.048852488799999996	-0.1148297611	-0.0399168946	0.0415582226	-0.0146511922	0.0544180857	0.0449206387	0.0734806101	-0.07509577	0.0991443922	-0.0174836386	-0.0402728956	-0.030094585	0.028294461	-0.041447429	-0.021521336600000003	0.0992055181	0.0172067508	-0.026299190099999998	-0.025484256400000002	0.05853217	0.09913805960000001	0.0187960727	0.0174849594	0.0284482898	0.043034082599999995	0.016185602	-0.0778461588	-0.022190034700000003	0.1134682665	-0.1358553714	0.019214568600000002	0.0013612534	0.0673365311	-0.0647793612	-0.04224848269999999	0.0667335973	-0.07864214139999999	-0.012331873200000001	-0.022505620499999997	-0.029168830099999998	0.053155747999999996	0.0822103302	-0.0166633058	0.05192764	-0.0948498808	0.00034720339999999995	-0.077056422	0.047369923700000004	0.04924464059999999	-0.12551051189999998	-0.0707189486	-0.023200483100000002	-0.046246086299999996	0.0042363864	0.016172126499999998	-0.0223941265	0.0975597984	-0.09897786380000001	0.045727177199999997	0.0333716244	-0.07070534719999999	-0.0096949819	-0.0331759692	0.0706615419	-0.0428459745	-0.055479845599999994	0.028693447799999997	-0.0240530048	0.0007393396000000001	0.0809218119	0.0193451075	-0.08478643960000001	-0.0546761568	0.062002536799999994	0.0805130088	-0.0284522534	-0.092369244	-0.0100385988	0.0881860959	-0.08429910000000003	0.03061689999999999	0.0071063382608100014	0.0009373945656099992	-0.174603	-0.05397000000000002	0.002912760900000002	0.030486207609000008	-0.07672719999999998	-0.025214699999999982	0.0006357810960899988	0.005887063219839997	-0.00383974	-0.0005751899999999997	1.47436032676e-05	3.308435360999997e-07	-0.00166666	0.0006102300000000003	3.7238065290000034e-07	2.7777555556e-06	-0.00120823	0.00034592	1.4598197329e-06	1.196606464e-07	0.0	0.0	0.0	0.0	0.0	0.0	0.0	0.0	0.0	0.0	0.0	0.0	0.0	0.0	0.0	0.0	0.0	0.0	0.0	0.0	0.0	0.0	0.0	0.0	0.0	0.0	0.0	0.0	0.0	0.0	0.0	0.0	0.0	0.0	0.0	0.0	0.0	0.0	0.0	0.0	0.0	0.0	0.0	0.0	0.0	0.0	0.0	0.0	0.0	0.0	0.0	0.0	0.0	0.0	0.0	0.0	0.0	0.0	0.0	0.0	0.0	0.0	0.0	0.0	0.0	0.0	0.0	0.0	0.0	0.0	0.0	0.0	0.0	0.0	0.0	0.0	0.0	0.0	0.0	0.0	0.0	0.0	0.0	0.0	0.0	0.0	0.0	0.0	0.0
335.51636243337583	-0.6364712660110285	112571.2294605244	0.4050956724576815	239.2288565472808	-0.2490169347892106	57230.445804919465	0.062009433811813966	230.87671588707667	-0.9066704169303249	0.8220512449366094	53304.05793880191	1.340025	62.624897	0.8503818999999999	0.0218338772	-0.0374276557	0.0959389344	-0.0019055586	-0.0323795947	0.0885124653	-0.0379997073	-0.050153491200000004	0.029174146800000002	-0.051012635599999995	-0.11484270419999999	0.0336344519	0.0136863956	-0.1082635786	-0.0450891478	-0.10480783369999999	0.015410078600000003	0.0942042382	0.0476593784	0.08754509529999999	0.1466382537	-0.1213783722	0.012074156200000002	-0.0587872663	-0.0842246999	-0.1077322955	0.030582615299999998	-0.0446312099	-0.034914735499999995	0.0152467878	-0.015080864099999999	-0.038259354	-0.0401640032	0.08304328849999999	0.0241021249	-0.0197152095	0.0328734901	0.0448011605	0.0836764235	0.0225321936	0.006628005	0.012203996000000002	0.1040364008	0.030492963300000002	-0.0660219313	-0.0571173308	0.0244598154	0.0082775907	-0.0173470749	-0.0583839283	-0.074605496	0.0141355201	0.0813288025	0.03452249	-0.0864463784	0.0061105401	0.0755148758	-0.036969737	-0.08461836380000001	-0.0695988964	0.0291855584	0.045564302300000005	0.0671325304	-0.10429853630000001	0.0159295403	0.0616937662	-0.0675682111	-0.12146599429999999	-0.0676901856	-0.1661521882	0.0444892592	0.1355749804	0.008979456	0.0103492052	-0.0350894971	0.0246169387	-0.017029803200000002	-0.0188006735	-0.0238828465	0.0158577649	-0.0545179826	0.0035407023	0.0380446219	0.0204503083	0.0251039381	-0.057085745599999994	-0.0234267476	-0.03500048	0.1598538864	0.10823196289999999	-0.0952861858	-0.0742773496	-0.09291169619999999	0.0990516828	0.0636041204	0.0866243268	0.0380687061	-0.0054309773	0.0311251981	-0.10423111789999999	0.0488147415	0.026932586499999998	0.0322435273	0.0181136817	-0.0857800611	-0.051583401200000004	0.06565321639999999	0.0772000154	-0.0355312647	-0.09106362720000001	-0.0	0.09106362720000001	-0.08395049999999997	0.00034860000000004615	0.007047686450249994	1.2152196000003214e-07	-0.329885	-0.15528199999999998	0.024112499523999992	0.108824113225	-0.152896	-0.07616880000000002	0.0058016860934400035	0.023377186815999998	0.00305156	0.0068913	9.3120184336e-06	4.7490015689999987e-05	0.00192267	0.00358933	1.28832898489e-05	3.6966599289e-06	-0.00309925	-0.00189102	9.6053505625e-06	3.5759566404e-06	0.0	0.0	0.0	0.0	0.0	0.0	0.0	0.0	0.0	0.0	0.0	0.0	0.0	0.0	0.0	0.0	0.0	0.0	0.0	0.0	0.0	0.0	0.0	0.0	0.0	0.0	0.0	0.0	0.0	1.0	0.0	0.0	0.0	0.0	0.0	0.0	0.0	0.0	0.0	0.0	0.0	0.0	0.0	0.0	0.0	0.0	0.0	0.0	0.0	0.0	0.0	0.0	0.0	0.0	0.0	0.0	0.0	0.0	0.0	0.0	0.0	0.0	0.0	0.0	0.0	0.0	0.0	0.0	0.0	0.0	0.0	0.0	0.0	0.0	0.0	0.0	0.0	0.0	0.0	0.0	0.0	0.0	0.0	0.0	0.0	0.0	0.0	0.0	0.0
336.17604197458394	0.6596795412081065	113014.33119769723	0.4351770970885378	237.95176369601558	-1.277092851265223	56621.041846044434	1.6309661507527378	230.56741026232703	-0.30930562474964063	0.0956699695017655	53161.33067507623	1.088915	50.889496	0.25858450000000005	-0.0185560455	-0.0170486768	0.043320109100000004	0.033921675899999996	-0.0035308784999999996	0.053663067300000006	0.0045734923	0.017497563799999998	0.011083315500000001	-0.0988860711	0.008278578	-0.0673647531	0.0195935087	0.011531408100000001	0.0101054717	0.00243693	0.04556664059999999	-0.0678390209	0.0257541264	0.10590756429999999	-0.0334253701	-0.0813821326	0.022237386499999998	0.043007969699999996	0.0523278411	0.0315614493	-0.1222841858	0.0392289321	0.0111540951	0.017971	-0.0505192915	-0.0288134875	-0.0618093522	0.0110285373	0.10244934019999999	0.0570342904	-0.0950484992	-0.0394611396	-0.0728594342	0.0814972783	0.029688762200000007	0.0165947191	0.1112087787	-0.0240479777	0.0078735089	0.0310407123	-0.060011211900000014	0.0150301152	0.010544764299999999	-0.015422521299999999	0.0083260896	0.0467715732	-0.0357318889	-0.0015128834	-0.0518297828	-0.0007035130999999999	-0.0128683671	-0.0670626007	-0.07320615700000001	0.08588215119999999	0.0282623104	-0.0073852299	0.0007728233000000001	0.0362664	-0.0624713685	-0.0310839734	0.07542093700000001	-0.0448641637	-0.0733049343	0.0735458058	0.0180983012	0.0041953807	-0.0487858479	-0.0301518353	0.06842811110000001	0.1052401385	0.09895406849999999	0.0849223017	-0.0405597879	0.008400842	0.136908825	0.0111186083	0.0027691569	-0.0546288846	0.1968411357	-0.0367886304	0.0316488352	0.0193065077	-0.0807478983	0.0813603691	-0.0468790463	-0.0772951686	0.022092138100000002	0.0388733638	-0.012122922900000001	0.05856890820000001	0.0108753554	-0.0362728785	0.0053248479000000005	-0.0108290282	-0.0105770631	0.0440307096	-0.1056675857	0.0168789344	-0.0867107692	-0.0484055284	0.0691113238	0.0735332567	-0.0423758542	-0.0889404128	0.0100385988	0.09259028039999999	-0.0917555	-0.00780500000000002	0.008419071780249998	6.0918025000000315e-05	-0.186469	0.14341600000000002	0.020568149056	0.034770687961	-0.118244	0.034651999999999995	0.001200761104	0.013981643536	0.00413139	0.0010798300000000004	1.7068383332100007e-05	1.1660328289000007e-06	0.0020878	0.00016512999999999988	2.7267916899999958e-08	4.35890884e-06	-0.00330852	-0.00020927000000000006	1.09463045904e-05	4.379393290000005e-08	0.0	0.0	0.0	0.0	0.0	0.0	0.0	0.0	0.0	0.0	0.0	0.0	0.0	0.0	0.0	0.0	0.0	0.0	0.0	0.0	0.0	0.0	0.0	0.0	0.0	0.0	0.0	0.0	0.0	0.0	0.0	0.0	0.0	0.0	0.0	0.0	0.0	0.0	0.0	0.0	0.0	0.0	0.0	0.0	0.0	0.0	0.0	0.0	0.0	0.0	0.0	0.0	0.0	0.0	0.0	0.0	0.0	0.0	0.0	0.0	0.0	0.0	0.0	0.0	0.0	0.0	0.0	0.0	0.0	0.0	0.0	0.0	0.0	0.0	0.0	0.0	0.0	0.0	0.0	0.0	0.0	0.0	0.0	0.0	0.0	0.0	0.0	0.0	0.0
332.8404796656942	-3.3355623088897346	110782.78490408939	11.125975916485817	237.67881927240725	-0.2729444236083225	56491.22113072562	0.0744986583788794	229.03772451120412	-1.5296857511229118	2.3399384971884682	52458.279249270236	1.005238	46.978905	0.4211611	-0.081035329	-0.008724289100000001	0.0211874183	0.0126672134	-0.0022474007	-0.0057224769	0.0155332708	0.1040186567	0.0196418868	-0.0350285424	0.0657966934	-0.1122500007	-0.0560667958	0.0483625411	-0.0011158847	-0.0796735397	0.0156668728	0.0897833217	0.0038792317999999998	0.0382554273	-0.0218481296	0.0591989813	0.0736043866	-0.0468159657	-0.029367275800000002	-0.0500476886	0.0818237819	-0.0471961213	-0.08682951119999999	-0.0528069871	0.048185955499999995	0.0138729093	0.0198349752	-0.0016232736	-0.008918034200000001	-0.0515178787	0.004168933499999999	-0.0741908992	-0.0035539186	-0.024018775899999997	-0.0502802007	0.11051806380000001	-0.0938278092	0.0969278196	0.0638932502	-0.1215130482	-0.0521581921	0.0310639716	0.0372869208	0.0381613873	-0.0171316579	0.0428939438	-0.1203745783	-0.0066092741000000005	0.011948153500000001	0.0265461925	-0.1088671143	-0.0582110891	0.0175090131	0.10394762560000001	0.0606306973	0.020430416399999998	-0.044847911500000004	-0.0683940038	0.0821334491	0.031317688999999996	-0.05849419030000001	0.020383012199999998	-0.06969266980000001	0.0030926790999999997	-0.0040012037	0.0718518926	0.0838141602	0.051583307	-0.0490502399	-0.1218200365	0.0198713528	-0.0365644029	-0.0348793891	-0.0797274338	-0.0662696811	-0.0327793288	0.0764920551	-0.0158934786	0.0098955304	0.0696713032	-0.0824109956	0.016495953	0.0438111673	-0.0173525645	0.0723925795	-0.0653696584	0.0138496643	-0.023591595	-0.0465887609	0.025584538799999997	-0.0764590929	0.028433895499999997	-0.11324553529999999	0.0779453031	-0.1324403801	0.011761626399999999	-0.0577134297	0.0156410921	-0.08757788119999999	-0.0451477824	0.0723667158	0.0695295355	-0.0489408639	-0.0860186637	0.0199595043	0.0927434086	-0.0981723	-0.006416800000000014	0.009637800487290002	4.117532224000018e-05	0.0766941	0.2631631	0.06925481720160999	0.00588198497481	-0.0420288	0.07621520000000001	0.005808756711040002	0.0017664200294399996	0.00452492	0.00039352999999999963	2.04749010064e-05	1.5486586089999964e-07	0.00274698	0.0006591800000000001	4.345182724000001e-07	7.5458991204e-06	-0.00376313	-0.0004546099999999998	1.41611473969e-05	2.0667025209999983e-07	0.0	0.0	0.0	0.0	0.0	0.0	0.0	0.0	0.0	0.0	0.0	0.0	0.0	0.0	0.0	0.0	0.0	0.0	0.0	0.0	0.0	0.0	0.0	0.0	0.0	0.0	0.0	0.0	0.0	0.0	0.0	0.0	0.0	0.0	0.0	0.0	0.0	0.0	0.0	0.0	0.0	0.0	0.0	0.0	0.0	0.0	0.0	0.0	0.0	0.0	0.0	0.0	0.0	0.0	0.0	0.0	0.0	0.0	0.0	0.0	0.0	0.0	0.0	0.0	0.0	0.0	0.0	0.0	0.0	0.0	0.0	0.0	0.0	0.0	0.0	0.0	0.0	0.0	0.0	0.0	0.0	0.0	0.0	0.0	0.0	0.0	0.0	0.0	0.0
335.9956760412623	3.155196375568096	112893.09431842489	9.955264168398047	237.55527911135968	-0.12354016104757193	56432.51063367599	0.01526217139166001	229.00337345298053	-0.03435105822359219	0.0011799952010806206	52442.545052845264	1.064623	49.754211	0.3378198	0.0090475516	0.051542677599999996	0.0138426033	-0.0157613578	0.0407943845	-0.0388065051	-0.0189488405	0.024494169	0.0041569231	0.034337651000000004	0.053272071399999996	-0.0825597106	0.0383801876	-0.00659966	-0.0007762817	0.026872282400000003	0.0066998139000000005	0.0405814793	0.0032893322	-0.0269719445	-0.014375426	0.0148716696	0.0688047109	-0.10624130429999999	-0.0712627235	-0.09676757289999999	-0.145142252	0.0451074118	-0.103826302	0.0344921666	0.0032876539	-0.0886212112	-0.0243867061	0.0447665772	-0.009304746	0.08981723720000001	-0.0117565879	0.0753742986	-0.0645228755	-0.08268828	0.10167251470000001	0.08569929189999999	0.0001366022	0.042876284699999996	-0.044806427	-0.0310097189	0.0313548842	0.0168974621	-0.0090618374	-0.0138690569	0.0328581171	0.0073989376	-0.0534737521	-0.047137411	0.0447418997	0.0058108495	-0.0272760441	-0.0192384795	0.0425920491	0.0387890368	0.045569753399999996	-0.0517920926	0.0182602137	-0.0188732895	-0.0377081171	-0.0165052426	-0.037222874700000005	0.0416422295	0.0193019695	0.0403677825	-0.0683565694	0.17487325010000002	0.023498761200000003	-0.1372492877	0.1274237373	0.0076702034	-0.0034842329999999998	0.0197610255	-0.08146109160000001	0.10013311470000001	-0.0043664701	0.0217472006	-0.017598054199999998	0.08725353	-0.0635353327	0.013945485	-0.0242961365	-0.009422870600000001	0.0534075292	0.056197251	0.09953215050000001	0.1127718826	-0.0637051964	0.0289349147	0.058967128099999995	0.05234984769999999	0.0926342041	-0.06935552610000001	0.0300635429	-0.0228468523	-0.0362001127	0.0604140142	-0.0314392494	0.014400381799999999	-0.0883807611	-0.0418155387	0.0754098437	0.0652071985	-0.0551829804	-0.0823246123	0.0296464028	0.09152074019999999	-0.113328	-0.015155699999999994	0.012843235584	0.00022969524248999984	0.166226	0.08953190000000001	0.008015961117610002	0.02763108307600001	-0.223224	-0.1811952	0.03283170050303999	0.04982895417599999	0.00491669	0.0003917699999999996	2.4173840556099995e-05	1.5348373289999972e-07	0.00224889	-0.0004980900000000001	2.480936481000001e-07	5.0575062321e-06	-0.00361425	0.0001488800000000001	1.30628030625e-05	2.2165254400000032e-08	0.0	0.0	0.0	0.0	0.0	0.0	0.0	0.0	0.0	0.0	0.0	0.0	0.0	0.0	0.0	0.0	0.0	0.0	0.0	0.0	0.0	0.0	0.0	0.0	0.0	0.0	0.0	0.0	0.0	0.0	0.0	0.0	0.0	0.0	0.0	0.0	0.0	0.0	0.0	0.0	0.0	0.0	0.0	0.0	0.0	0.0	0.0	0.0	0.0	0.0	0.0	0.0	0.0	0.0	0.0	0.0	0.0	0.0	0.0	0.0	0.0	0.0	0.0	0.0	0.0	0.0	0.0	0.0	0.0	0.0	0.0	0.0	0.0	0.0	0.0	0.0	0.0	0.0	0.0	0.0	0.0	0.0	0.0	0.0	0.0	0.0	0.0	0.0	0.0
328.79944851588334	-7.196227525378959	108109.07734434902	51.78569059702177	236.7637550286776	-0.7915240826820877	56057.07569527965	0.6265103734657205	228.0489431396885	-0.9544303132920219	0.9109372229307072	52006.32046712888	1.347839	62.990082	0.9087921999999998	0.1370803897	0.06976050190000001	-0.0954344074	0.0512706859	0.13017782	-0.077712497	0.025390370899999997	-0.1546161934	0.0441793031	0.0236707635	0.019155593999999998	0.054951794500000005	0.0354616573	0.0136477245	0.05576370519999999	0.0332245523	0.13056496869999998	-0.1385680594	-0.0955321467	0.1359541695	-0.0086877713	0.17641778660000001	-0.110728609	0.0128587467	-0.0303551175	0.006956948199999999	0.031121677799999997	-0.0440707546	-0.0005491232	0.0104368666	-0.0274378339	-0.0251166356	0.1025788401	0.1364953231	-0.07219882820000001	0.0220116131	-0.0637079468	-0.030253969199999998	-0.0071819406999999984	-0.0145825525	0.0484544708	0.0592160854	0.0481510292	0.0286107875	0.0838643822	-0.0193845058	-0.0350535768	-0.052099451100000006	-0.1415601051	0.04463364400000002	0.0103514697	-0.11382915380000001	0.12351250119999999	-0.122849468	0.0617311825	-0.1252434214	0.1102715876	0.0364089023	0.0220576121	0.0210002323	-0.0785071024	-0.0641444228	0.018436405700000002	0.057326454900000004	0.037811153	-0.1029889868	0.1058569559	0.030630868999999998	-0.1751528274	-0.073883109	-0.1447171336	-0.07896447849999999	0.020929783	-0.0437707584	-0.0668588386	0.017256646599999998	-0.0157260299	0.0752796201	0.0701053719	0.024527443700000002	-0.0711569453	-0.05571901889999999	0.039536720299999994	0.0691377877	0.0758695938	0.0034519488	0.050892053099999994	0.0119250704	0.013380455500000001	0.0621169335	-0.0183839767	0.0793143226	0.1149031574	0.0199865234	-0.0499329721	0.0664798459	-0.0250537815	-0.0029600196	0.045639403099999996	0.106259504	-0.0086079354	-0.0399029969	-0.017287675	0.013157031000000001	-0.08911882019999999	-0.0384142957	0.07823178160000001	0.0605860527	-0.0610610204	-0.0778914249	0.0389857244	0.0889404128	-0.103223	0.010105000000000005	0.010654987729	0.00010211102500000006	-0.0358715	-0.20209749999999999	0.04084339950625	0.00128676451225	-0.546546	-0.323322	0.104537115684	0.298712530116	0.00111691	-0.00379978	1.2474879481e-06	1.4438328048399993e-05	-0.000185714	-0.002434604	5.9272966368159986e-06	3.4489689796000016e-08	-0.00238328	0.0012309699999999994	5.680023558400002e-06	1.515287140899999e-06	0.0	0.0	0.0	0.0	0.0	0.0	0.0	0.0	0.0	0.0	0.0	0.0	0.0	0.0	0.0	0.0	0.0	0.0	0.0	0.0	0.0	0.0	0.0	0.0	0.0	0.0	0.0	0.0	0.0	0.0	1.0	0.0	0.0	0.0	0.0	0.0	0.0	0.0	0.0	0.0	0.0	0.0	0.0	0.0	0.0	0.0	0.0	0.0	0.0	0.0	0.0	0.0	0.0	0.0	0.0	0.0	0.0	0.0	0.0	0.0	0.0	0.0	0.0	0.0	0.0	0.0	0.0	0.0	0.0	0.0	0.0	0.0	0.0	0.0	0.0	0.0	0.0	0.0	0.0	0.0	0.0	0.0	0.0	0.0	0.0	0.0	0.0	0.0	0.0
329.1678014783008	0.3683529624174753	108351.44153005807	0.13568390492172994	236.37388638484958	-0.3898686438280095	55872.614164677776	0.15199755944029128	227.32513701912845	-0.7238061205600559	0.5238953001601981	51676.71792076552	1.077286	50.346016	0.17273467599999998	0.12424805789999999	-0.0609398485	-0.04459350769999999	0.010337907700000001	0.1439411078	0.020523945800000002	0.07240817299999999	-0.05515532	-0.0118404168	0.04837956349999999	-0.0347723111	0.0172526548	0.017427829	0.090931989	-0.043249374699999996	-0.0091224965	0.0897989959	-0.0307016605	-0.0616958053	-0.013993271699999999	0.011732628200000001	0.1265612159	0.0166227878	0.0238118027	0.0155127297	-0.0484812792	-0.027859150899999997	0.045658672000000004	-0.084163449	0.05352590980000002	0.146112071	-0.031976133399999995	0.1126604111	0.052001865099999996	-0.0697530211	0.021635865299999998	0.0149742429	-0.0571925576	-0.0105583746	0.0358362853	-0.0383559464	-0.1121186051	-0.1507081015	-0.0975793534	-0.06521619599999999	0.108405499	0.0204789111	-0.1473313221	-0.0601426026	0.0055616151	-0.0179881167	-0.0278631603	0.039657552400000004	-0.1388933018	-0.03561082	-0.0631506164	0.0121308161	0.043971349900000005	0.0178921891	-0.051496558	-0.0481973534	-0.0025176228	-0.0776885733	-0.050193952400000005	0.0323005166	-0.1274697863	0.05912276480000001	0.014851093700000003	-0.08525462269999999	0.0194065408	-0.0394987267	-0.0486839011	-0.0051745575	-0.086239395	0.050567067199999996	-0.0331643618	-0.0084429603	-0.07694828620000001	0.0569988351	0.0367610358	-0.0777045325	-0.0092771455	0.08713323460000001	-0.0894065641	-0.0742640573	0.0889370536	0.08675263300000001	-0.0015444472	-0.1138389399	-0.0763314842	0.0289405578	-0.0471157371	-0.0334179061	-0.08980888699999999	-0.1008777257	-0.05183499230000002	-0.0930764135	0.0199685762	0.051473690999999995	-0.0753981483	0.0041987937	-0.0340553182	0.0379721531	0.0119112676	-0.08979151710000001	-0.034949665899999996	0.0808242521	0.0556872742	-0.066536203	-0.07275890410000001	0.0478679739	0.08504070400000001	-0.139056	-0.03583299999999999	0.019336571136	0.0012840038889999992	0.0008294109999999997	0.036700911	0.0013469568682299212	6.879226069209995e-07	-0.514166	0.032379999999999964	0.0010484643999999976	0.26436667555599996	0.00141098	0.00029407	1.9908645604e-06	8.647716490000001e-08	1.51113e-05	0.00020082529999999998	4.0330801120090014e-08	2.2835138769e-10	-0.0032448	-0.0008615199999999997	1.052872704e-05	7.422167103999996e-07	0.0	0.0	0.0	0.0	0.0	0.0	0.0	0.0	0.0	0.0	0.0	0.0	0.0	0.0	0.0	0.0	0.0	0.0	0.0	0.0	0.0	0.0	0.0	0.0	0.0	0.0	0.0	0.0	0.0	0.0	0.0	0.0	0.0	0.0	0.0	0.0	0.0	0.0	0.0	0.0	0.0	0.0	0.0	0.0	0.0	0.0	0.0	0.0	0.0	0.0	0.0	0.0	0.0	0.0	0.0	0.0	0.0	0.0	0.0	0.0	0.0	0.0	0.0	0.0	0.0	0.0	0.0	0.0	0.0	0.0	0.0	0.0	0.0	0.0	0.0	0.0	0.0	0.0	0.0	0.0	0.0	0.0	0.0	0.0	0.0	0.0	0.0	0.0	0.0
339.50975389396467	10.341952415663854	115266.87298914047	106.95597976785544	237.5702608258052	1.1963744409556227	56439.62882884112	1.4313118029718788	230.50986830310643	3.1847312839779818	10.142513351148043	53134.79938511547	1.603055	74.917358	0.982085874	-0.0906562224	-0.0157852367	0.0596337074	-0.0365950946	-0.0503456517	-0.0164250911	0.0537593574	0.12042529939999999	0.0596351329	0.1356613106	0.0368009	-0.0575170548	0.1001345492	-0.1448812888	0.017020711299999998	0.09769303	0.028748905800000002	-0.0324764399	0.0544074375	-0.0779764688	0.1055453992	0.1058616088	0.009280801600000001	-0.0289942475	0.058038666399999994	0.1496896733	-0.0203453852	-0.0080122386	-0.0141430133	0.1742170706	0.2541886002	0.0741749766	-0.1210492465	0.0046476781	-0.0933312602	-0.059387889699999995	0.0075937681	0.010789233300000001	-0.0683702118	0.0412190208	0.025731244700000003	-0.0517476538	0.0018269685999999998	0.0489512035	-0.0547889069	0.06831932730000001	-0.0193250038	0.051628336500000004	0.09201784	-0.031209865899999998	-0.0516544281	0.0458640402	-0.038386052999999996	0.0329087837	0.013366417700000001	-0.0315436848	-0.1701321127	0.0048871429	0.0978010851	-0.0796338483	0.0094169917	-0.10751366779999999	0.2238190823	0.052496972999999995	0.07542195639999999	-0.0193999158	0.0347369729	-0.0390168825	-0.0592500007	0.0540876065	-0.0862706049	-0.0739246108	-0.1963099568	-0.0673586212	-0.0132522293	-0.0590801896	-0.0397631277	-0.0114680931	0.052750788300000004	-0.0586475995	0.025856371800000003	-0.149166495	-0.06823263780000001	-0.0026401842	-0.1315567059	0.0553354344	-0.0207171708	-0.1749007223	-0.011800378799999999	0.0696277963	0.0193125769	0.0701997049	0.0401159427	0.051569578899999996	0.015301296899999999	-0.0709638866	0.0607945184	-0.0594967204	0.032457959700000004	0.1072579452	0.057782683700000004	0.046212277999999996	0.023465142999999997	0.0106633201	-0.0903983584	-0.0314273661	0.0831796512	0.050533311500000004	-0.071572405	-0.06697313120000001	0.056189015300000006	0.079879464	-0.08873839999999998	0.0503176	0.007874503634559995	0.0025318608697600005	0.0781439	0.077314489	0.005977530209331121	0.00610646910721	0.16858800000000002	0.6827540000000001	0.4661530245160001	0.028421913744000007	-0.000301007	-0.001711987	9.0605214049e-08	2.9308994881690005e-06	0.00119514	0.0011800287	1.3924677328236894e-06	1.4283596195999997e-06	-0.00270282	0.0005419800000000001	7.3052359523999985e-06	2.937423204000001e-07	0.0	0.0	0.0	0.0	0.0	0.0	0.0	0.0	0.0	0.0	0.0	0.0	0.0	0.0	0.0	0.0	0.0	0.0	0.0	0.0	0.0	0.0	0.0	0.0	0.0	0.0	0.0	0.0	0.0	0.0	0.0	1.0	0.0	0.0	0.0	0.0	0.0	0.0	0.0	0.0	0.0	0.0	0.0	0.0	0.0	0.0	0.0	0.0	0.0	0.0	0.0	0.0	0.0	0.0	0.0	0.0	0.0	0.0	0.0	0.0	0.0	0.0	0.0	0.0	0.0	0.0	0.0	0.0	0.0	0.0	0.0	0.0	0.0	0.0	0.0	0.0	0.0	0.0	0.0	0.0	0.0	0.0	0.0	0.0	0.0	0.0	0.0	0.0	0.0
331.74646039042744	-7.763293503537228	110055.71398157744	60.26872602206331	239.3455743265533	1.7753135007480978	57286.303949707646	3.1517380259384664	230.9346476711475	0.4247793680410723	0.1804375115133728	53330.81149499703	1.11293	52.011814	0.54366535	-0.19439859850000002	-0.0008304728	-0.027316628	0.0610565479	-0.1556869423	-0.0486706154	0.0989023913	0.049959847	0.0234073885	0.1058548144	0.070880453	0.0511348004	-0.0627474145	-0.0550560892	0.1759235553	-0.0190860953	-0.0972900603	-0.0888904568	-0.08406257560000001	0.10457050960000001	0.0114963128	0.0615293078	0.05979070230000001	-0.0733392222	0.018211955800000002	0.12726459910000001	0.0060139914	-0.042301583399999995	-0.0009509616	-0.1216769685	-0.039595288900000004	-0.0423895292	-0.0376860794	-0.0111325595	-0.0226447948	0.18546681350000002	-0.0288249488	0.09501887490000001	-0.054691167699999994	-0.0286597677	-0.0101030575	-0.0699506501	0.0674370738	-0.0763041763	0.0014544788	0.0527183356	0.1439493757	0.1010846771	0.1013158549	0.1368929026	-0.1306535666	0.017328583	0.0463601649	0.15831806199999998	0.0362151243	-0.0301212319	-0.0931640365	0.10702826619999999	0.0894990175	0.0187327732	0.0226345375	-0.023327552400000003	0.024354970099999998	0.16749523	0.013282058400000001	0.07447718240000001	0.0635039423	0.1531415324	-0.0622177866	-0.0119996405	-0.0650016584	-0.0269428579	0.0297225539	0.10401792609999999	0.07852660759999999	-0.0976816622	-0.0009128158	-0.011338436399999999	0.058929718099999986	0.0244747679	0.1714915534	0.0039130389000000005	-0.0652639522	0.0745882524	0.0333598487	0.0319629979	0.0043462584000000005	-0.016790852	0.0525600182	-0.0031409382	-0.05947532320000001	0.20229319269999999	-0.0882458292	-0.0247763231	0.1435050824	0.0067218731	-0.0610163159	0.08396196410000001	0.1481197863	-0.08423342519999999	0.1130288272	-0.0523533776	0.0624239563	0.0094134174	-0.090938899	-0.0278532085	0.08529107009999999	0.0451477824	-0.07613639929999999	-0.0605860527	0.0638512918	0.0735332567	-0.0235597	0.06517869999999998	0.0005550594640899999	0.004248262933689997	-0.08587310000000001	-0.16401700000000002	0.026901576289000008	0.0073741893036100015	0.288513	0.119925	0.014382005625	0.08323975116900001	-0.00323068	-0.0029296730000000003	1.04372932624e-05	8.582983886929001e-06	0.00128062	8.547999999999997e-05	7.306830399999995e-09	1.6399875843999997e-06	-0.00182708	0.0008757399999999999	3.3382213264e-06	7.669205475999997e-07	0.0	0.0	0.0	0.0	0.0	0.0	0.0	0.0	0.0	0.0	0.0	0.0	0.0	0.0	0.0	0.0	0.0	0.0	0.0	0.0	0.0	0.0	0.0	0.0	0.0	0.0	0.0	0.0	0.0	0.0	0.0	0.0	1.0	0.0	0.0	0.0	0.0	0.0	0.0	0.0	0.0	0.0	0.0	0.0	0.0	0.0	0.0	0.0	0.0	0.0	0.0	0.0	0.0	0.0	0.0	0.0	0.0	0.0	0.0	0.0	0.0	0.0	0.0	0.0	0.0	0.0	0.0	0.0	0.0	0.0	0.0	0.0	0.0	0.0	0.0	0.0	0.0	0.0	0.0	0.0	0.0	0.0	0.0	0.0	0.0	0.0	0.0	0.0	0.0
337.09976268995916	5.35330229953172	113636.2500056268	28.6578455101716	239.5926939707336	0.24711964418028745	57404.659004153604	0.06106811853979186	231.79265484116263	0.8580071700151279	0.7361763037973686	53727.834838314346	1.349969	63.089645	0.75122965	-0.0305292532	-0.0226725867	0.036756220299999996	0.09499607449999999	-0.09814871650000001	0.1001262683	0.0125130159	-0.0354979303	-0.005644465899999999	-0.0586193673	-0.0075323485	0.0860744151	0.0432719413	-0.0114374198	0.0283817686	0.0859075735	-0.0434869357	-0.0323198112	0.013657788899999999	0.031443845899999996	-0.05693026900000001	-0.0201847872	0.0698339177	0.052424597999999996	-0.055029722	0.1129550339	0.069566791	0.0036010645	-0.1224757574	-0.0226630989	0.0510702775	0.1371337284	-0.0277508613	0.050597559699999996	-0.040761230600000004	-0.0589893479	0.0042218593	-0.0819841197	-0.0505143699	-0.0213693462	0.19219376989999998	0.0255265979	-0.011856771200000001	0.0202540612	0.0249777767	0.0734713127	0.025555781200000002	0.004387787299999999	0.0543094136	-0.0037745853	-0.0054902487	0.08862900259999999	0.09910900140000001	0.10439654109999999	-0.1003938689	0.0022539513000000002	0.030388667799999998	0.0025374943	-0.0524093852	-0.033750680899999996	-0.091029457	-0.014387874699999999	0.01935035	0.1129802716	-0.0061519934999999994	0.022570221600000002	0.0031912296	0.0157413275	-0.06653660559999999	0.1633836793	0.0108988823	-0.0087255964	0.0599168658	0.0803906686	-0.1188236152	0.047567323200000004	0.07610395219999999	-0.056934584	-0.0664250414	-0.0021559231	-0.0383162008	-0.097836635	-0.0074901005	0.0100188587	-0.0131984742	0.020439189099999998	-0.013269735	-0.0518556744	-0.07527822969999999	-0.0047189067	0.0155913142	-0.0762609491	0.0503694748	0.061727583499999995	0.08697736810000001	-0.1023100625	-0.1395584959	0.0055052204	0.046922163200000006	-0.0133243909	-0.072285278	0.0934159133	0.1263277177	0.0081617885	-0.0914127426	-0.0242330906	0.08715231550000001	0.0395553658	-0.0801980746	-0.053655013700000004	0.07076497030000001	0.0660962247	0.00287527	0.02643497	8.2671775729e-06	0.0006988076389008999	-0.4226180000000001	-0.3367449	0.11339712767601	0.17860597392400004	-0.00396683	-0.29247983	0.0855444509568289	1.57357402489e-05	-0.00169823	0.00153245	2.8839851329e-06	2.3484030025e-06	0.0009504610000000002	-0.0003301589999999997	1.090049652809998e-07	9.033761125210005e-07	-0.00187587	-4.878999999999994e-05	3.5188882569e-06	2.3804640999999946e-09	0.0	0.0	0.0	0.0	0.0	0.0	0.0	0.0	0.0	0.0	0.0	0.0	0.0	0.0	0.0	0.0	0.0	0.0	0.0	0.0	0.0	0.0	0.0	0.0	0.0	0.0	0.0	0.0	0.0	0.0	0.0	0.0	0.0	1.0	0.0	0.0	0.0	0.0	0.0	0.0	0.0	0.0	0.0	0.0	0.0	0.0	0.0	0.0	0.0	0.0	0.0	0.0	0.0	0.0	0.0	0.0	0.0	0.0	0.0	0.0	0.0	0.0	0.0	0.0	0.0	0.0	0.0	0.0	0.0	0.0	0.0	0.0	0.0	0.0	0.0	0.0	0.0	0.0	0.0	0.0	0.0	0.0	0.0	0.0	0.0	0.0	0.0	0.0	0.0
336.0417162412477	-1.0580464487114796	112924.03505436322	1.1194622876309737	240.01792299964055	0.4252290289069549	57608.603361061374	0.1808197270251519	231.23606385608903	-0.5565909850735977	0.3097935246651979	53470.11722765728	1.064951	49.769569	0.10140621000000004	-0.09128664060000001	-0.014733282	-0.015790631200000002	0.0689806278	-0.128275832	0.0441586875	0.0106773941	-0.0606650329	0.0041682589	-0.0849515318	0.011261149299999999	0.041664684	-0.0748968506	0.020617266999999998	0.0240769019	-0.0208758081	-0.033977871	-0.018378969199999998	0.0194131171	-0.012858511000000001	-0.0950286725	-0.010735413000000001	0.04459698	0.0353031471	-0.0505354996	-0.013730523100000001	-0.014223112	0.0483776495	-0.0649817953	0.12360936269999999	0.0088138486	-0.0688244944	-0.0386620511	0.0853395306	-0.0242869242	-0.0247997079	-0.032689284900000004	-0.0710066278	0.0962717377	-0.0740675053	0.071009448	-0.028578830299999997	0.0360451705	-0.14645156609999999	-0.05992300110000001	0.05338079230000002	0.059767132699999996	0.039755456	0.0793786836	0.042489084	-0.0129718355	0.0424688631	0.059800106299999996	0.1392947839	-0.0523042438	-0.019556635	0.0684098177	-0.0244010479	-0.026109294900000003	0.05114893190000002	-0.026353984700000003	0.0702827254	-0.0103093244	0.0167897496	-0.0225074964	0.06490815559999999	0.0037146679	0.0686455767	-0.023902505	0.1176934086	0.06900488169999999	0.0144862958	0.0331547237	-0.054602607000000004	-0.0765028609	0.0405529685	-0.045160375	-0.0842771658	-0.0598233104	0.089596668	-0.0753322585	-0.0568326718	0.06933494230000001	-0.0582778204	0.031811100099999996	-0.010544329199999999	-0.0170133085	-0.0399598887	-0.08669973369999999	0.023221214100000002	-0.0699789157	0.0263960896	-0.1379492386	0.0139709624	-0.09239693189999999	0.0656605863	-0.0070718334	0.054122041399999994	-0.0618539614	-0.024304177200000002	-0.0358124228	0.0621174382	0.029701581	0.006908663000000001	-0.0918195415	-0.0205729861	0.0887579282	0.0337816886	-0.0837306334	-0.0462422434	0.07684899419999999	0.0576786922	0.0108675	0.00799223	0.00011810255625000003	6.387574037289999e-05	-0.432362	-0.009743999999999921	9.494553599999843e-05	0.186936899044	0.0454524	0.04941923	0.0024422602937929	0.0020659206657600003	-0.00185564	-0.00015740999999999994	3.4433998096e-06	2.477790809999999e-08	0.000629476	-0.0003209850000000002	1.0303137022500012e-07	3.96240034576e-07	-0.00166925	0.00020662	2.7863955625e-06	4.269182440000001e-08	0.0	0.0	0.0	0.0	0.0	0.0	0.0	0.0	0.0	0.0	0.0	0.0	0.0	0.0	0.0	0.0	0.0	0.0	0.0	0.0	0.0	0.0	0.0	0.0	0.0	0.0	0.0	0.0	0.0	0.0	0.0	0.0	0.0	0.0	0.0	0.0	0.0	0.0	0.0	0.0	0.0	0.0	0.0	0.0	0.0	0.0	0.0	0.0	0.0	0.0	0.0	0.0	0.0	0.0	0.0	0.0	0.0	0.0	0.0	0.0	0.0	0.0	0.0	0.0	0.0	0.0	0.0	0.0	0.0	0.0	0.0	0.0	0.0	0.0	0.0	0.0	0.0	0.0	0.0	0.0	0.0	0.0	0.0	0.0	0.0	0.0	0.0	0.0	0.0
336.9171072916518	0.8753910504041187	113513.1371857744	0.7663094911276263	238.5764736629329	-1.4414493367076489	56918.73378544012	2.0777761902949208	229.19115903734027	-2.044904818748762	4.181635717741907	52528.587380879406	1.188711	55.553383	0.8598730500000001	0.020914498400000002	-0.010691211499999999	0.0763783537	0.0230707925	-0.0090008172	0.0832428994	-0.0359258886	-0.026022947400000003	0.033434665	-0.08967773289999999	-0.0361950289	-0.060492204699999996	-0.023707669900000002	-0.0337753176	-0.0860317357	-0.07042922730000001	-0.0027587547	0.0653863841	0.0034095193	-0.042397356799999994	0.0984310956	-0.0009421519999999999	0.0007362974	-0.015914893500000003	-0.035369097	0.0219751825	0.0075832005000000015	-0.0454296594	-0.0821906062	0.0583583341	-0.029615899900000006	0.0006616117999999999	0.010511999099999999	0.0225663143	0.0207448504	-0.0944626794	0.10202188289999999	-0.016392191299999997	0.079613188	-0.1198228978	0.0937157482	-0.0100537587	0.0628272355	-0.062158190499999995	0.1024480309	0.0907508827	0.105502735	0.0107303192	-0.009546416700000001	-0.0509550046	0.0069444917	0.07327114030000001	0.0355197914	0.0098214138	-0.0804031498	-0.0044882782	0.0417511994	-0.0824483719	-0.0582387672	0.0198901296	0.0657464768	0.0357464304	0.0289309162	-0.1148780228	-0.0116671776	0.012563673999999999	-0.0501061051	-0.05152686099999999	0.0275976723	-0.0667764092	0.0023643201999999997	-0.021958902000000002	-0.012535064399999999	0.019298208799999998	0.0599786245	0.0272461527	-0.0660517102	-0.021357535299999997	-0.0081916643	0.0242626035	-0.0535717493	0.061042294299999994	0.0379134171	0.0079004145	-0.0171370138	-0.026056290099999997	0.043844824000000004	0.1169086218	-0.0732276221	-0.1939348548	-0.057859615999999996	0.0334338083	-0.0658642294	0.0364278133	0.06753974019999999	0.0057913403	-0.0686108397	0.0176622649	-0.0245101873	-0.0726173482	-0.011198615	0.1458477157	-0.10685391779999999	0.0056542708	-0.0921589975	-0.0168789344	0.09010319859999999	0.0278532085	-0.0867107692	-0.0384142957	0.0820320339	0.0484055284	-0.14991500000000002	-0.16078250000000002	0.02247450722500001	0.02585101230625001	-0.24611	0.186252	0.03468980750399999	0.0605701321	-0.10642	-0.1518724	0.02306522588176	0.0113252164	0.00350911	0.00536475	1.2313852992100004e-05	2.87805425625e-05	0.0007660889999999999	0.00013661299999999984	1.866311176899996e-08	5.868923559209997e-07	-0.00338721	-0.00171796	1.14731915841e-05	2.9513865616e-06	0.0	0.0	0.0	0.0	0.0	0.0	0.0	0.0	0.0	0.0	0.0	0.0	0.0	0.0	0.0	0.0	0.0	0.0	0.0	0.0	0.0	0.0	0.0	0.0	0.0	0.0	0.0	0.0	0.0	0.0	0.0	0.0	0.0	0.0	1.0	0.0	0.0	0.0	0.0	0.0	0.0	0.0	0.0	0.0	0.0	0.0	0.0	0.0	0.0	0.0	0.0	0.0	0.0	0.0	0.0	0.0	0.0	0.0	0.0	0.0	0.0	0.0	0.0	0.0	0.0	0.0	0.0	0.0	0.0	0.0	0.0	0.0	0.0	0.0	0.0	0.0	0.0	0.0	0.0	0.0	0.0	0.0	0.0	0.0	0.0	0.0	0.0	0.0	0.0
335.256868826646	-1.6602384650058184	112397.16809544693	2.756391760684876	238.4350321226169	-0.14144154031598075	56851.26454331336	0.02000570932695721	229.40711431486682	0.21595527752654675	0.04663668189156783	52627.62409827436	1.165666	54.476395	0.5011518	-0.0063961627	-0.0122392624	-0.044194478200000005	-0.022755785	-0.0206140602	-0.01849607	-0.0027511203000000002	0.0011972818	-0.012191656100000002	-0.0288596278	0.0199511504	-0.1367443416	-0.0716986498	-0.09458955179999999	-0.0299837557	0.0113430232	0.05172943519999999	0.0161040033	0.042670806299999996	0.0087343013	-0.011194096899999999	-0.0754767004	-0.0342694105	0.046991108600000005	0.0658261483	-0.022797308500000002	-0.09142512400000001	0.0254155002	0.055853541799999996	0.0471968875	-0.0736268667	0.0153688991	0.0822181851	-0.0352233765	0.0344477154	-0.032958477400000005	-0.0496676521	0.0761204712	-0.0166045299	-0.0744918724	0.0196533376	-0.0670734488	-0.1384294298	0.1284265876	0.0813150322	-0.0093630248	0.072273138	-0.010989306599999998	0.023316930299999997	-0.0067047923999999995	0.0389619156	-0.0270810175	-0.0624694808	0.0223329841	0.0215805441	-0.0111843705	-0.0028979337	-0.0231312404	-0.005946987	0.078011855	0.1497860086	0.023528096499999998	0.0673314033	-0.0541951646	0.0183515788	-0.0248227016	0.0009450152000000001	-0.0616491181	-0.050224765899999996	-0.019090079	0.054902796799999994	0.0340109527	-0.053552721799999994	-0.0672906592	0.0796122678	0.046136843399999995	0.032437095299999996	0.0374110778	0.036601426400000005	-0.028817999	-0.0308318917	0.0184675104	-0.12449230720000001	0.05900038730000001	0.0337246323	-0.0337109482	0.049999798600000006	0.008122096899999999	-0.0176732198	-0.1317340155	0.1941385661	0.0357014217	0.1149027972	0.0467340363	-0.014257963799999999	0.040281680699999996	-0.0884812546	0.1582346317	0.0624705773	0.06868659049999999	0.0254838408	-0.0672291672	0.006565018299999999	0.0043988416999999995	-0.0924308615	-0.013157031000000001	0.0911841808	0.021797092400000002	-0.08911882019999999	-0.030241452599999996	0.0862533231	0.0384142957	-0.126708	0.023207000000000037	0.016054917263999997	0.0005385648490000014	-0.014780200000000004	0.23132979999999997	0.053513476368040006	0.00021845431204000005	-0.0116046	0.0948154	0.008989960077159999	0.00013466674116000002	0.00145822	-0.00205089	2.1264055684000003e-06	4.2061497921e-06	0.000306487	-0.00045960199999999993	2.1123399840399987e-07	9.3934281169e-08	-0.00286171	0.0005254999999999999	8.1893841241e-06	2.761502499999999e-07	0.0	0.0	0.0	0.0	0.0	0.0	0.0	0.0	0.0	0.0	0.0	0.0	0.0	0.0	0.0	0.0	0.0	0.0	0.0	0.0	0.0	0.0	0.0	0.0	0.0	0.0	0.0	0.0	0.0	0.0	0.0	0.0	0.0	0.0	0.0	1.0	0.0	0.0	0.0	0.0	0.0	0.0	0.0	0.0	0.0	0.0	0.0	0.0	0.0	0.0	0.0	0.0	0.0	0.0	0.0	0.0	0.0	0.0	0.0	0.0	0.0	0.0	0.0	0.0	0.0	0.0	0.0	0.0	0.0	0.0	0.0	0.0	0.0	0.0	0.0	0.0	0.0	0.0	0.0	0.0	0.0	0.0	0.0	0.0	0.0	0.0	0.0	0.0	0.0
335.75242822717036	0.4955594005243711	112729.69306044118	0.24557911944807406	237.9805474623517	-0.4544846602651944	56634.740970480634	0.2065563064163692	229.1289662603737	-0.27814805449312985	0.07736634021831314	52500.08317954746	1.073909	50.188221	0.42327556	-0.060061739	-0.0534558433	0.0318449631	-0.0416709122	-0.0306198856	0.0123956228	0.012593328700000002	0.1052030124	-0.0270526939	0.0340292441	0.0639415956	-0.10028488619999999	-0.079915056	0.0505083597	-0.0887363439	0.033599132999999996	0.0073634072999999986	-0.1270040155	-0.0252526079	-0.0706514593	-0.0286168537	-0.0135024416	0.0013788570999999999	0.0533964113	-0.0268873941	-0.09021757779999999	0.0550607082	-0.0147963496	0.08720545449999999	0.11918916119999999	0.0253870198	0.0328127892	0.033331564	0.0131892811	0.0031339091	0.13094485279999998	-0.0470674587	0.0005339744	-0.0331111762	-0.0817716692	-0.11127805660000001	-0.0325773919	-0.008174411	-0.06030173	-0.046297454	0.0502383365	-0.051533622300000005	-0.0016441379	0.064842908	-0.027931445699999998	-0.004736705900000001	0.0424631579	-0.1159156782	0.024508513	-0.0034598566999999997	0.0520460024	-0.1101110699	0.001651224	0.0723319481	0.079898446	0.0744885299	0.020155738700000002	-0.05051728849999999	-0.0173053524	-0.094566236	-0.11399779019999999	0.0584001949	0.045589644400000004	0.0631402144	-0.0001074789	0.07091582769999999	0.0179945349	0.0065439167	-0.0941602776	-0.0271157406	0.0399452228	-0.114248931	-0.0177464197	0.051230828799999996	-0.043172725599999996	-0.0018755078	0.0389425759	-0.0595056933	-0.0826363611	0.0047306362	0.10991449710000001	-0.0454667179	0.0426899362	-0.0335570565	-0.030967451400000002	-0.0646447018	0.0313307335	0.014744923799999999	-0.127465782	-0.0320460153	0.0646071522	-0.006620120300000001	-0.1291460566	-0.0196353263	-0.0233998093	0.033733960099999995	0.024371220099999997	-0.049968601200000004	0.0031426060999999996	-0.0926349341	-0.0094134174	0.09199770410000001	0.0156410921	-0.090938899	-0.021797092400000002	0.08946337089999999	0.0278532085	-0.06984850000000001	0.05685949999999997	0.004878812952250001	0.0032330027402499976	0.0357745	0.050554699999999994	0.0025557776920900003	0.00127981485025	0.0886909	0.1002955	0.010059187320250004	0.007866075742810001	-0.00186663	-0.00332485	3.4843075569e-06	1.10546275225e-05	-7.494019999999997e-05	-0.0003814272	1.4548670889983996e-07	5.616033576039996e-09	-0.00225667	0.0006050399999999997	5.0925594889e-06	3.6607340159999976e-07	0.0	0.0	0.0	0.0	0.0	0.0	0.0	0.0	0.0	0.0	0.0	0.0	0.0	0.0	0.0	0.0	0.0	0.0	0.0	0.0	0.0	0.0	0.0	0.0	0.0	0.0	0.0	0.0	0.0	0.0	0.0	0.0	0.0	0.0	0.0	0.0	0.0	0.0	0.0	0.0	0.0	0.0	0.0	0.0	0.0	0.0	0.0	0.0	0.0	0.0	0.0	0.0	0.0	0.0	0.0	0.0	0.0	0.0	0.0	0.0	0.0	0.0	0.0	0.0	0.0	0.0	0.0	0.0	0.0	0.0	0.0	0.0	0.0	0.0	0.0	0.0	0.0	0.0	0.0	0.0	0.0	0.0	0.0	0.0	0.0	0.0	0.0	0.0	0.0
335.90942907262473	0.15700084545437676	112835.1445398967	0.024649265473389092	238.59505334817047	0.614505885818744	56927.59948221631	0.3776174837058792	229.74574239100238	0.6167761306286934	0.3804127953133031	52783.10614679283	0.965278	45.111439	0.19200166	-0.0551022152	0.04205747730000002	0.0080899655	0.0335041493	-0.0464028837	-0.029328629300000002	-0.0110495002	0.0411058118	-0.0075342935	-0.0034077447999999997	0.10885479710000001	-0.0702516687	-0.054639909	-0.0680390024	0.0019536570999999997	0.0300223234	0.013655572099999999	-0.0783099417	0.0426446843	-0.0575662898	0.0368739588	-0.06987301480000001	-0.0522629388	0.06964256690000001	0.0646069259	0.0293656864	0.0305078506	-0.0457281363	0.051190534100000004	-0.0225041442	-0.0709244371	0.0038583295	-0.055503964	0.0321173499	-0.046233143	-0.0446534424	0.042385114	-0.0082734512	-0.0043943548	-0.08962337	0.030000035499999998	-0.0059893814	-0.0741635646	-0.078760117	-0.0362318629	-0.1083242493	-0.0163830942	0.0367525297	0.0330537014	0.017658976899999998	0.0510868851	0.064586122	-0.07795777129999999	0.046303105899999995	0.0401136606	0.0170895169	-0.0427533839	-0.0079100769	0.0623199068	0.0998395334	0.0480432096	0.0035043626000000002	0.0536777809	0.0374151391	-0.0179658225	0.0335373059	0.0705046896	-0.0276858953	0.045539136699999996	-0.0325244674	0.0819977966	-0.1103250225	-0.0272994316	0.0776556065	-0.0732626742	0.027481998799999997	-0.0336008577	0.033749234700000005	-0.0149593217	0.011628386999999999	0.052911737300000004	-0.1074585326	0.0238709543	0.0741021138	-0.06359553400000001	-0.068218232	-0.09230696880000001	-0.0138198123	0.030412152999999997	-0.0036556781	0.0521615838	-0.0772730607	0.0372448183	-0.040330023199999995	-0.0406066555	-0.0764611682	0.0846983885	0.0080820855	-0.0160860412	-0.0580308639	0.0416519613	0.1325979216	0.017770905	0.0018857942000000002	-0.0927710658	-0.0056542708	0.09254138220000001	0.0094134174	-0.0921589975	-0.013157031000000001	0.09162454240000001	0.0168789344	-0.112631	-0.04278249999999999	0.012685742161000001	0.0018303423062499989	0.0849168	0.0491423	0.00241496564929	0.00721086292224	0.0886888	-2.1000000000048757e-06	4.410000000020478e-12	0.00786570324544	-0.0007047819999999999	0.001161848	4.967176675239999e-07	1.349890775104e-06	0.00012660700000000002	0.00020154720000000001	4.062127382784e-08	1.6029332449000003e-08	-0.00289477	-0.0006381000000000001	8.3796933529e-06	4.071716099999999e-07	0.0	0.0	0.0	0.0	0.0	0.0	0.0	0.0	0.0	0.0	0.0	0.0	0.0	0.0	0.0	0.0	0.0	0.0	0.0	0.0	0.0	0.0	0.0	0.0	0.0	0.0	0.0	0.0	0.0	0.0	0.0	0.0	0.0	0.0	0.0	0.0	0.0	0.0	0.0	0.0	0.0	0.0	0.0	0.0	0.0	0.0	0.0	0.0	0.0	0.0	0.0	0.0	0.0	0.0	0.0	0.0	0.0	0.0	0.0	0.0	0.0	0.0	0.0	0.0	0.0	0.0	0.0	0.0	0.0	0.0	0.0	0.0	0.0	0.0	0.0	0.0	0.0	0.0	0.0	0.0	0.0	0.0	0.0	0.0	0.0	0.0	0.0	0.0	0.0
338.3619792353362	2.4525501627114754	114488.82899205408	6.015002300616082	238.80088480293404	0.2058314547635689	57025.86258266418	0.04236658777008711	229.52338074659733	-0.2223616444050549	0.04944470090252009	52680.98230934749	1.115885	52.149929	0.91454535	-0.0422811813	0.0055872966000000005	0.0067120931	-0.024373047999999998	-0.0414354147	-0.0032883075	-0.045255076799999995	-0.0228574871	0.0220205098	-0.047970618799999996	-0.0280052077	-0.1117393242	-0.0111785976	0.012679668100000001	0.0353691683	-0.0076521444	-0.0924507472	0.024869070400000002	-0.0898885625	0.0157023937	0.0474545177	0.071481726	0.0143903203	-0.0003635246	-0.089156245	-0.0599383025	0.0506966957	-0.0817439222	-0.0023749263	-0.025820283500000003	-0.1378220831	0.0046359441999999996	-0.0764579209	-0.0191265501	0.06929562410000001	0.052992539000000005	-0.0005381175	0.010229426600000001	-0.0172867311	-0.0555816237	-0.0766748135	0.0070248256	-0.0912212778	0.0729793584	-0.14561097609999998	-0.08364723610000001	0.0115232224	0.0418421386	0.0350700107	-0.0364969844	0.024742714300000003	-0.018665978	-0.0330675545	0.0370090335	0.0036098043	0.0017601439000000001	0.0329390781	-0.0692618872	-0.0317478664	0.0233020443	0.1102931176	-0.047246662800000006	-0.0523651112	0.042875233	-0.0456260995	0.0091411446	-0.0584659483	0.047518075800000004	-0.053228606399999996	-0.0651961165	-0.0514019571	0.0510511741	0.0843675785	-0.0255362905	-0.0994180361	-0.08020762669999999	-0.0431189792	-0.0099084523	-0.0791972098	0.07819650339999999	0.0749230316	0.08490432740000001	-0.0098743891	0.0795341875	-0.0722201146	0.0116616472	-0.0811585542	-0.043454062300000006	0.0389561955	-0.0015738494000000001	0.1135067116	0.0040593276	-0.0368484483	-0.0750244725	0.0197690946	-0.0905574965	0.0067092067	-0.0734135608	-0.0396577347	-0.0706446862	0.07031267620000001	-0.0493637671	-0.0133294465	0.0006286365	-0.0928391566	-0.0018857942000000002	0.09281362060000001	0.0031426060999999996	-0.0927710658	-0.0043988416999999995	0.0927115	0.0056542708	-0.176993	-0.06436200000000003	0.031326522049	0.004142467044000002	-0.192892	-0.27780879999999997	0.07717772935744001	0.037207323664	-0.124691	-0.21337979999999998	0.045530939048039995	0.015547845481000003	0.00377164	0.004476422	1.42252682896e-05	2.0038353922084e-05	0.0017675	0.0016408929999999998	2.692529837449e-06	3.12405625e-06	-0.00395735	-0.00106258	1.56606190225e-05	1.1290762564e-06	0.0	0.0	0.0	0.0	0.0	0.0	0.0	0.0	0.0	0.0	0.0	0.0	0.0	0.0	0.0	0.0	0.0	0.0	0.0	0.0	0.0	0.0	0.0	0.0	0.0	0.0	0.0	0.0	0.0	0.0	0.0	0.0	0.0	0.0	0.0	0.0	1.0	0.0	0.0	0.0	0.0	0.0	0.0	0.0	0.0	0.0	0.0	0.0	0.0	0.0	0.0	0.0	0.0	0.0	0.0	0.0	0.0	0.0	0.0	0.0	0.0	0.0	0.0	0.0	0.0	0.0	0.0	0.0	0.0	0.0	0.0	0.0	0.0	0.0	0.0	0.0	0.0	0.0	0.0	0.0	0.0	0.0	0.0	0.0	0.0	0.0	0.0	0.0	0.0
333.13092809353145	-5.2310511418047545	110976.21525245762	27.363896048176837	237.74109562477744	-1.059789178156592	56520.82854886957	1.1231531021378247	228.6560719410901	-0.8673088055072355	0.7522245641103877	52283.59923552896	0.9334	43.621639	0.09554300000000003	0.0253316485	-0.0123054419	-0.041452719	-0.0332364904	0.0189343752	-0.0302998696	-0.0068163974	-0.0447533367	0.0202422954	-0.0676544805	-0.049787461799999995	-0.0962178136	0.046317689800000006	-0.0534239284	-0.0060267409	0.025171989900000004	-0.0339506381	0.0861778318	0.0174708077	-0.0171869576	0.0197089027	-0.0150552277	-0.07265993330000001	-0.0608778938	-0.0663558979	-0.0296619728	-0.0094346407	-0.09804427859999999	-0.0071559722	-0.033700623900000004	0.0042567776	0.0160063683	0.11316113800000001	-0.0266419616	-0.0131268826	-0.0192492935	0.0696662205	0.0263946418	-0.10828081519999999	0.0691422209	-0.0060170775	0.028833333500000002	-0.0047819439	-0.0056325533	0.0298061238	-0.025681005299999997	0.0004347017	-0.0197865245	-0.0113658435	-0.0019668165	0.021089059500000003	-0.0677725045	-0.034932640699999996	-0.0255777442	0.0243083527	-0.053973046100000005	0.0451258439	-0.06628294950000001	-0.0739409178	0.0209187788	0.0646380592	-0.04308988440000002	0.0446018772	-0.0416021683	-0.024936176600000002	0.0092400879	-0.08178546910000001	-0.056497232599999996	0.0918984353	-0.039379972400000005	-0.0707546611	0.007267828100000002	-0.045105545999999996	0.0458167631	-0.014019439199999999	-0.0485004513	0.0093691912	0.0913621413	0.0353449523	-0.0011752163	0.025850899700000003	0.0755657035	0.10010491269999999	0.054207453200000005	-0.0068884357	0.0355356306	0.022777022799999998	0.045304623499999995	0.0188332067	0.0090123308	0.0888353443	-0.0205998252	0.0189160417	0.0754117249	-0.0415799039	0.0231080358	-0.0552284803	-0.0081391283	0.0078981546	-0.1030856666	-0.0637431522	-0.1518323515	0.0239554647	-0.0006286365	-0.0928391566	0.0018857942000000002	0.09281362060000001	-0.0031426060999999996	-0.0927710658	0.0043988416999999995	0.0927115	-0.0056542708	-0.172567	0.004426000000000013	0.029779369489	1.958947600000012e-05	-0.150534	0.042358000000000014	0.0017942001640000003	0.022660485156000002	-0.14433	-0.019638999999999976	0.00038569032099999904	0.020831148899999995	0.00357781	-0.0001938300000000003	1.28007243961e-05	3.757006890000012e-08	0.00205523	0.00028772999999999993	8.278855289999996e-08	4.2239703528999985e-06	-0.00405819	-0.0001008399999999996	1.64689060761e-05	1.016870559999992e-08	0.0	0.0	0.0	0.0	0.0	0.0	0.0	0.0	0.0	0.0	0.0	0.0	0.0	0.0	0.0	0.0	0.0	0.0	0.0	0.0	0.0	0.0	0.0	0.0	0.0	0.0	0.0	0.0	0.0	0.0	0.0	0.0	0.0	0.0	0.0	0.0	0.0	0.0	0.0	0.0	0.0	0.0	0.0	0.0	0.0	0.0	0.0	0.0	0.0	0.0	0.0	0.0	0.0	0.0	0.0	0.0	0.0	0.0	0.0	0.0	0.0	0.0	0.0	0.0	0.0	0.0	0.0	0.0	0.0	0.0	0.0	0.0	0.0	0.0	0.0	0.0	0.0	0.0	0.0	0.0	0.0	0.0	0.0	0.0	0.0	0.0	0.0	0.0	0.0
337.8360609018514	4.705132808319945	114133.20404567945	22.138274743928733	237.75715869656483	0.016063071787385752	56528.46651146351	0.0002580222752467081	229.91939231113102	1.2633203700409297	1.5959783573603514	52862.926960719764	0.98356	45.965805	0.5626066	0.0302519781	-0.0491862832	0.028793996699999998	-0.0607297131	0.0251530619	0.0323966708	-0.0032181825	0.0360778071	-0.0504957246	0.0578548949	-0.0404655517	-0.0512328834	0.0361911044	0.0081342654	0.003700599	0.06612272870000001	-0.0308763107	-0.0872271834	-0.0708778493	-0.09247268119999999	-0.042579358600000006	-0.05781208030000001	0.0385584377	0.012077701699999999	0.058645961600000004	-0.0024785815	0.0650423375	-0.0605217916	-0.0047340748	-0.0309374813	-0.028400594300000002	0.0233634052	-0.0058388275	0.018549474399999998	-0.0200695673	0.0494201921	-0.1840616655	0.059979960599999986	0.0221901488	0.06396977200000001	-0.0081473251	0.037075775299999995	0.0006474869	-0.12604780640000002	0.0700183725	0.0106366776	-0.0642869563	-0.041116724199999996	0.0184002843	-0.091376934	-0.0021017136	-0.0048105903000000005	-0.06188587440000001	-0.033484098500000004	-0.0293802581	0.0380316078	-0.025446935099999998	0.0467782336	-0.0101225469	-0.046744394	0.0497514597	-0.0375114816	-0.008857775	0.0452594479	-0.12126116710000001	-0.09732046820000001	0.0091828901	0.0198608707	0.0908148022	0.0064169972	0.0869404999	-0.0091113029	0.0391587248	0.0483962372	-0.015828263000000002	-0.0370870593	0.0308641125	-0.0286288152	0.0480774136	0.0764663484	0.0167117745	-0.0221976448	-0.0204043416	-0.0171254417	-0.0325043141	0.0830809533	-0.0771212483	-0.0317378743	-0.20802558989999997	0.07157363650000001	-0.09773547380000001	-0.048297209800000004	0.07245412849999999	0.0599431923	-0.1243216918	-0.0010153639	0.12155697130000001	0.0159958999	-0.11476975269999999	-0.0636403279	-0.0211030227	-0.0578968025	-0.1385161485	-0.0018857942000000002	-0.0927710658	0.0056542708	0.09254138220000001	-0.0094134174	-0.0921589975	0.013157031000000001	0.09162454240000001	-0.0168789344	-0.0568716	0.11569539999999999	0.0032343788865600003	0.01338542558116	-0.0470249	0.1035091	0.010714133782809998	0.00221134122001	-0.202142	-0.05781200000000002	0.0033422273440000035	0.040861388164000007	0.000244928	-0.003332882	5.998972518399999e-08	1.1108102425923995e-05	0.00106747	-0.00098776	9.756698175999995e-07	1.1394922009000002e-06	-0.00266703	0.0013911599999999998	7.1130490209e-06	1.9353261456e-06	0.0	0.0	0.0	0.0	0.0	0.0	0.0	0.0	0.0	0.0	0.0	0.0	0.0	0.0	0.0	0.0	0.0	0.0	0.0	0.0	0.0	0.0	0.0	0.0	0.0	0.0	0.0	0.0	0.0	0.0	0.0	0.0	0.0	0.0	0.0	0.0	0.0	1.0	0.0	0.0	0.0	0.0	0.0	0.0	0.0	0.0	0.0	0.0	0.0	0.0	0.0	0.0	0.0	0.0	0.0	0.0	0.0	0.0	0.0	0.0	0.0	0.0	0.0	0.0	0.0	0.0	0.0	0.0	0.0	0.0	0.0	0.0	0.0	0.0	0.0	0.0	0.0	0.0	0.0	0.0	0.0	0.0	0.0	0.0	0.0	0.0	0.0	0.0	0.0
329.95446791987746	-7.881592981973938	108869.95090028943	62.11950793350083	237.74658105565712	-0.010577640907712292	56523.43680365414	0.00011188648717250857	229.36987099696944	-0.5495213141615807	0.3019736747178706	52610.537721166394	1.034059	48.325832	0.2435051	0.080314662	0.025148874300000002	0.0939851473	0.0453670197	0.0759455558	0.0586848605	-0.022520596299999997	0.0552811162	-0.025446512200000004	0.0651922278	0.0665703665	0.1259114789	-0.0408472454	-0.0048580312	0.0051835578	-0.023972764	-0.0670257129	-0.0406082923	-0.0163510776	-0.0710671116	-0.0758307189	-0.0869095503	0.057431572599999994	0.009415655799999999	-0.0255206186	0.0826894083	0.0525551046	-0.062658402	0.0264694995	-0.0380266523	-0.043391258499999995	0.0007673291999999999	0.10434380509999999	0.044447752699999996	0.0787722815	-0.033306384	-0.0023928729	0.1142641647	-0.0669436095	-0.049924297	0.0362882831	-0.0373435338	-0.1027054371	-0.0748670633	0.0126493344	-0.0090391537	0.00036303809999999997	-0.0353740747	-0.1024849448	0.0141078507	-0.010661894	0.1006600693	0.0053188093	-0.06743571129999999	-0.0441759266	0.0825931689	-0.0199764783	0.0618869778	0.0842300792	-0.0161894408	-0.0876808223	0.040287433500000004	-0.0103222103	0.0138181477	-0.024756401299999998	0.0186180145	0.028620439700000007	0.0803610991	0.101968617	0.0312881692	0.054637455099999996	0.0208817692	0.09023038380000001	0.09471013390000001	0.0013048311999999999	0.02856418	-0.0508478537	0.1459225909	-0.003525265900000001	0.0177239206	0.0037712126	0.0582897689	-0.0476729694	-0.0842053478	-0.0057157943	0.036104834	0.0128711613	0.0670357462	-0.0059966385	-0.0362341221	-0.0721097908	-0.0342322121	0.17433180899999998	-0.0066985099	-0.006838945799999999	-0.0244977482	-0.1589604059	-0.0274990464	-0.0862884511	0.015921288500000002	0.0028588158	0.042840311900000004	0.0688486594	-0.0031426060999999996	-0.0926349341	0.0094134174	0.09199770410000001	-0.0156410921	-0.090938899	0.021797092400000002	0.08946337089999999	-0.0278532085	-0.0428542	0.014017400000000006	0.00183648245764	0.00019648750276000018	0.037939	0.08496390000000001	0.0072188643032100016	0.001439367721	-0.241831	-0.03968899999999997	0.0015752167209999981	0.058482232561	-0.000447952	-0.00069288	2.00660994304e-07	4.800826944e-07	0.000241734	-0.0008257360000000001	6.818399416960001e-07	5.8435326756000005e-08	-0.00208895	0.0005780799999999999	4.3637121025e-06	3.3417648639999993e-07	0.0	0.0	0.0	0.0	0.0	0.0	0.0	0.0	0.0	0.0	0.0	0.0	0.0	0.0	0.0	0.0	0.0	0.0	0.0	0.0	0.0	0.0	0.0	0.0	0.0	0.0	0.0	0.0	0.0	0.0	0.0	0.0	0.0	0.0	0.0	0.0	0.0	0.0	0.0	0.0	0.0	0.0	0.0	0.0	0.0	0.0	0.0	0.0	0.0	0.0	0.0	0.0	0.0	0.0	0.0	0.0	0.0	0.0	0.0	0.0	0.0	0.0	0.0	0.0	0.0	0.0	0.0	0.0	0.0	0.0	0.0	0.0	0.0	0.0	0.0	0.0	0.0	0.0	0.0	0.0	0.0	0.0	0.0	0.0	0.0	0.0	0.0	0.0	0.0
340.7543446952056	10.79987677532813	116113.52342865898	116.63733836227192	239.53456609834763	1.7879850426905082	57376.80835592367	3.1968905128849774	232.3672549987993	2.9973840018298863	8.984310854425743	53994.54119567703	1.110017	51.875671	0.28654227	-0.0621115328	0.135217058	0.052430971900000005	-0.0302086202	-0.0677785534	-0.0124904082	-0.10723376949999999	-0.0183916255	0.0181906073	0.0290478856	0.0516177522	0.10203517849999999	0.0340369291	0.025366165299999997	0.0206003102	-0.0755014141	-0.1391921642	0.026495557799999996	-0.0035920823	0.035263144100000005	0.0374555371	0.0011455603	0.021072877	-0.0316506637	0.0636259915	-0.0667304826	-0.0709980095	-0.0322634684	0.0038786769	0.0314212134	-0.03926995	-0.1092968974	0.1054633651	-0.0088106083	-0.08671665199999999	-0.059166659800000014	0.02709319	-0.0700120697	0.02903293	-0.0346769455	-0.023524284399999998	-0.0508719696	0.0248787102	-0.05740951	0.022629035099999997	0.051603943099999994	-0.1220086468	0.1305445577	0.0196160582	-0.015046191100000003	0.0622270471	0.022215565299999997	0.042989908	0.0652355664	0.021103474599999998	0.0628816828	0.0560403737	-0.015064523500000001	0.0517315613	-0.0221305386	-0.0917416202	-0.0034616854999999997	-0.0256563039	0.0281230085	-0.0366579276	0.14615536369999999	-0.056948887000000004	0.0450881062	-0.0290256359	-0.1033551995	0.0191912934	-0.0223268935	-0.0117030328	-0.0426918879	0.08497436130000001	0.0156564234	-0.1150886225	0.04990702	0.0781692801	-0.0189261401	0.044222133399999995	-0.0527808142	0.1068723035	0.0027568633	0.0218310567	-0.0353107509	0.1169950501	0.1089473884	0.028401815	-0.032967150099999995	-0.0565859933	0.0138307642	0.0157258926	-0.0009776237	0.053609101299999996	-0.1055921812	0.0831899025	0.030906235	0.0843438649	0.0106661657	-0.0484782658	-0.1156086998	-0.0407313157	-0.0043988416999999995	-0.0924308615	0.013157031000000001	0.0911841808	-0.021797092400000002	-0.08911882019999999	0.030241452599999996	0.0862533231	-0.0384142957	-0.0882961	-0.045441900000000014	0.0077962012752100015	0.0020649662756100006	-0.0940859	-0.1320249	0.017430574220009997	0.008852156578809998	-0.170389	0.07144199999999998	0.005103959363999997	0.029032411321000005	2.50174e-05	0.00047296940000000003	6.258703027599999e-10	2.2370005333635996e-07	0.000401744	0.00016000999999999998	2.5603200099999997e-08	1.61398241536e-07	-0.00196926	0.00011969	3.8779849476e-06	1.4325696099999998e-08	0.0	0.0	0.0	0.0	0.0	0.0	0.0	0.0	0.0	0.0	0.0	0.0	0.0	0.0	0.0	0.0	0.0	0.0	0.0	0.0	0.0	0.0	0.0	0.0	0.0	0.0	0.0	0.0	0.0	0.0	0.0	0.0	0.0	0.0	0.0	0.0	0.0	0.0	0.0	0.0	0.0	0.0	0.0	0.0	0.0	0.0	0.0	0.0	0.0	0.0	0.0	0.0	0.0	0.0	0.0	0.0	0.0	0.0	0.0	0.0	0.0	0.0	0.0	0.0	0.0	0.0	0.0	0.0	0.0	0.0	0.0	0.0	0.0	0.0	0.0	0.0	0.0	0.0	0.0	0.0	0.0	0.0	0.0	0.0	0.0	0.0	0.0	0.0	0.0
333.3260030553225	-7.428341639883115	111106.22431283684	55.180259518821366	238.4631867355905	-1.0713793627571135	56864.691428093116	1.1478537389418386	229.75591762197786	-2.6113373768214667	6.819082895584821	52787.78168231707	1.008787	47.144783	0.23811048	0.0450191403	0.026686463100000002	-0.0471932675	-0.011016784699999999	0.00595581	-0.0038992611	-0.0266701565	-0.1059876706	0.0130088596	-0.0475863026	-0.08463756369999999	0.0653918868	-0.0012211722	-0.0653599027	-0.0377100867	-0.054199738899999995	-0.026108823599999997	0.100694986	0.0320707128	-0.020609926	0.036372590499999996	0.029340786400000006	-0.0169065927	0.0367384578	0.0284312898	-0.0025250554999999997	-0.1357760151	0.0676719346	0.0044816708	0.058187978200000004	0.0174775948	0.1266137582	0.1039284664	-0.0261876596	0.012206284599999999	-0.0106665282	0.1221599835	0.078744438	-0.047663927599999996	0.0531184291	-0.1433944203	0.049067647199999995	-0.0097630761	0.0098077441	0.07912251719999999	0.0469691569	-0.0673197789	-0.0092523189	-0.0322600871	0.0024999442	0.012990093999999999	-0.0588489919	0.08998705050000001	0.0015088208	-0.0020970928	-0.0419894625	0.117825975	-0.0245938144	-0.0716259071	-0.0788996877	-0.014039289699999999	0.0633875598	0.0382222504	-0.06577114860000001	0.0506832458	0.0493253521	-0.0136889705	0.0064887187	0.036318779	-0.0557995704	0.011447605800000002	0.0074035883	0.0044291744	-0.0567425362	0.0604137254	0.10421734460000001	0.0521655708	0.0793493917	0.08304358490000001	-0.057543123200000004	-0.1174139536	0.1766319458	0.0540318318	-0.0541856146	-0.056526279299999996	0.1428408002	-0.0256219533	-0.053383046100000005	-0.0560911988	0.0610008783	-0.0161853694	-0.045673766399999996	-0.0286194131	0.0526248246	-0.037067816	-0.0536099982	0.019155423799999998	-0.0830928962	-0.0896337319	0.1153026607	-0.0422496077	-5.81607e-05	0.0062959853	-0.0056542708	-0.0921589975	0.0168789344	0.09010319859999999	-0.0278532085	-0.0867107692	0.0384142957	0.0820320339	-0.0484055284	-0.0953221	-0.0070260000000000045	0.009086302748410002	4.936467600000006e-05	-0.213633	-0.1195471	0.01429150911841	0.045639058688999985	-0.225837	-0.05544799999999997	0.0030744807039999964	0.051002350569	0.000525864	0.0005008466	2.7653294649600004e-07	2.5084731673155997e-07	0.0008893949999999999	0.0004876509999999999	2.3780349780099983e-07	7.910234660249998e-07	-0.00210255	-0.00013328999999999988	4.4207165025e-06	1.7766224099999966e-08	0.0	0.0	0.0	0.0	0.0	0.0	0.0	0.0	0.0	0.0	0.0	0.0	0.0	0.0	0.0	0.0	0.0	0.0	0.0	0.0	0.0	0.0	0.0	0.0	0.0	0.0	0.0	0.0	0.0	0.0	0.0	0.0	0.0	0.0	0.0	0.0	0.0	0.0	0.0	0.0	0.0	0.0	0.0	0.0	0.0	0.0	0.0	0.0	0.0	0.0	0.0	0.0	0.0	0.0	0.0	0.0	0.0	0.0	0.0	0.0	0.0	0.0	0.0	0.0	0.0	0.0	0.0	0.0	0.0	0.0	0.0	0.0	0.0	0.0	0.0	0.0	0.0	0.0	0.0	0.0	0.0	0.0	0.0	0.0	0.0	0.0	0.0	0.0	0.0
339.6781707018133	6.352167646490841	115381.25965133026	40.350033809124994	238.7054402717324	0.24225353614190226	56980.28721532161	0.058686775773255935	230.993128753871	1.2372111318931331	1.5306913848802877	53357.82553150242	0.912301	42.635609	0.3536825	0.0448741046	-0.0168353238	0.021815630699999998	-0.0767949917	0.0032438293	0.056027871900000005	-0.07296221160000001	-0.0299710522	-0.0471084871	0.0038469566999999997	-0.077630327	-0.0216313292	0.030449842400000007	0.0805203306	0.0337704265	-1.5843e-05	-0.063198058	-0.0241451861	-0.0910574324	0.016031495	0.0771769658	0.052002099100000004	0.0035130995	0.0990498306	0.07619702589999999	0.0457205742	-0.0196505489	-0.0276335316	0.0360995526	0.0219057135	-0.1080806937	-0.0569212187	0.0722914135	-0.020053450100000002	0.0720093855	-0.053402324699999996	0.011060502	-0.044415894500000004	0.1310959398	0.10421892140000001	0.0653057027	0.1038625166	0.0872536817	0.020911583	0.0746745654	-0.0156691173	-0.085037498	-0.0195502745	0.011890226	-0.11631624380000001	0.034848670899999996	-0.0167525028	0.0089602483	-0.0109437692	-0.042729900099999996	0.0643982979	0.0645041239	-0.012755761000000001	-0.035693063	-0.043991502800000006	0.0293261933	-0.0580953297	-0.0775920554	0.0675443676	-0.0312353007	-2.7816e-05	-0.0106878496	-0.0005995197	-0.0732015576	-0.06157186	-0.007902575799999999	-0.14486033439999998	0.06715043400000001	0.06084755150000001	0.0841495727	0.07823662049999999	-0.0720289828	0.0192905089	-0.09424823310000001	0.0008800721000000002	-0.0696402356	0.0431824108	-0.0041723502	0.0159777045	0.090623148	-0.038051719500000004	-0.1265603012	0.015378180600000001	-0.033630764	0.0199489084	-0.053946025999999994	-0.0714038663	-0.0076996053000000005	0.0571614004	0.026905095499999997	-0.0047564669	0.1169228771	0.0840292172	0.0346772723	0.0545208566	-0.0688144123	0.0852248781	0.0997892324	-0.006908663000000001	-0.0918195415	0.0205729861	0.0887579282	-0.0337816886	-0.0837306334	0.0462422434	0.07684899419999999	-0.0576786922	-0.203251	-0.10792889999999998	0.041310969001	0.011648647455209995	-0.178647	0.03498599999999999	0.0012240201959999994	0.031914750609	-0.320641	-0.09480400000000004	0.008987798416000005	0.102810650881	0.00114721	0.0006213459999999999	1.3160907841e-06	3.860708517160001e-07	-0.000429231	-0.0013186259999999998	1.7387745278759998e-06	1.8423925136099999e-07	-0.00248185	-0.0003793	6.1595794225e-06	1.4386848999999995e-07	0.0	0.0	0.0	0.0	0.0	0.0	0.0	0.0	0.0	0.0	0.0	0.0	0.0	0.0	0.0	0.0	0.0	0.0	0.0	0.0	0.0	0.0	0.0	0.0	0.0	0.0	0.0	0.0	0.0	0.0	0.0	0.0	0.0	0.0	0.0	0.0	0.0	0.0	0.0	0.0	0.0	0.0	0.0	0.0	0.0	0.0	0.0	0.0	0.0	0.0	0.0	0.0	0.0	0.0	0.0	0.0	0.0	0.0	0.0	0.0	0.0	0.0	0.0	0.0	0.0	0.0	0.0	0.0	0.0	0.0	0.0	0.0	0.0	0.0	0.0	0.0	0.0	0.0	0.0	0.0	0.0	0.0	0.0	0.0	0.0	0.0	0.0	0.0	0.0
320.1085767052828	-19.5695939965305	102469.50088028194	382.9690091890426	235.10894405789847	-3.5964962138339445	55276.215576020026	12.934785016121898	226.25964573973062	-4.733483014140376	22.405861445155455	51193.427290268395	1.515888	70.843689	0.49649543	0.155465984	-0.07893889	-0.0084169444	0.1900505278	0.1953603259	0.0880617164	0.1530203696	-0.0174470478	-0.0677190537	-0.034504109399999996	0.0112140333	0.0708560069	-0.0243108414	-0.036421077999999996	0.059664929699999994	-0.037994898900000004	-0.0542377047	0.1851152784	-0.08131519940000001	-0.08745906	-0.046154903399999996	-0.0378843083	-0.0470847197	0.0045507103	0.061086291699999996	0.0984470313	0.0197074076	0.1227552416	0.0627588848	-0.0061059116000000005	0.0487141276	0.09428037310000001	-0.0408568651	0.0496256962	-0.029770454900000007	-0.0340790749	0.0188949796	0.1149735572	0.0331487545	0.0214937046	0.0418586995	-0.10131344029999999	-0.0750309891	0.0627137069	0.031077916299999998	-0.035397386	0.0053548208	-0.1988218463	-0.12324521199999999	0.1163192564	-0.030298240299999998	0.1114349356	0.0157066626	-0.18030847120000001	-0.1088773661	-0.0602327289	-0.0213855448	0.120855628	-0.0792402225	0.0107168652	-0.0022646426	0.0638095226	-0.0295064948	0.0168761406	0.1312941134	0.0187902034	-0.1709083196	0.11835144539999999	0.0814934014	-0.0216858522	0.046326085	-0.0668701847	-0.0083426521	0.012208163999999999	-0.0123484998	0.040913289	0.026884579	0.013088878200000001	0.0655082349	-0.0050014082	-0.0391908049	-0.073032638	-0.14616249779999999	-0.009368045699999999	-0.085292055	-0.0077119732	0.028982022799999996	0.0847186033	0.1423942708	-0.0298288168	0.039674779199999996	-0.021145047400000002	0.0198727758	0.0235629244	0.10999717269999999	-0.0684143533	0.1031692914	-0.0169005122	0.0773411604	0.0301921739	0.2035514436	0.016774195500000002	-0.0065909557	-0.0081617885	-0.0914127426	0.0242330906	0.08715231550000001	-0.0395553658	-0.0801980746	0.053655013700000004	0.07076497030000001	-0.0660962247	-0.27066100000000004	-0.06741000000000005	0.07325737692100003	0.004544108100000007	-0.0807912	0.09785579999999999	0.009575757593639999	0.00652721799744	-0.543859	-0.223218	0.04982627552399999	0.295782611881	0.00151465	0.00036743999999999986	2.2941646225e-06	1.3501215359999993e-07	-9.45984e-05	0.00033463259999999995	1.1197897698275995e-07	8.948857282559999e-09	-0.00394001	-0.00145816	1.55236788001e-05	2.1262305856e-06	0.0	0.0	0.0	0.0	0.0	0.0	0.0	0.0	0.0	0.0	0.0	0.0	0.0	0.0	0.0	0.0	0.0	0.0	0.0	0.0	0.0	0.0	0.0	0.0	0.0	0.0	0.0	0.0	0.0	0.0	0.0	0.0	0.0	0.0	0.0	0.0	0.0	0.0	1.0	0.0	0.0	0.0	0.0	0.0	0.0	0.0	0.0	0.0	0.0	0.0	0.0	0.0	0.0	0.0	0.0	0.0	0.0	0.0	0.0	0.0	0.0	0.0	0.0	0.0	0.0	0.0	0.0	0.0	0.0	0.0	0.0	0.0	0.0	0.0	0.0	0.0	0.0	0.0	0.0	0.0	0.0	0.0	0.0	0.0	0.0	0.0	0.0	0.0	0.0
329.2379594669706	9.129382761687793	108397.63395397457	83.34562960940224	235.16896922089333	0.0600251629948616	55304.44408441748	0.003603020192559703	227.20783350619251	0.9481877664618708	0.8990600404679512	51623.39960657769	1.51148	70.637726	0.79243222	0.057493171399999994	0.0937384431	0.1502965653	-0.0096129696	0.13716763740000001	0.0256058285	-0.0025378688000000003	0.0902191667	0.1907043809	0.07425935269999999	0.009093266899999999	0.05145427599999999	0.0977215023	-0.10836331029999999	0.022758553799999998	-0.022712905099999996	0.1190584359	0.0088891023	0.0219317018	0.0952174225	-0.1429979318	-0.06238186320000001	0.0017306514999999999	-0.0485711921	0.1402406342	-0.1472559897	0.08996160560000001	0.0038847893	0.1054018483	0.0434884795	-0.07171982860000001	0.042033668200000006	-0.014647231200000001	0.046931614100000005	0.0838168745	0.1017384957	0.031054961000000002	-0.0077236776	-0.08047645440000001	0.0419973071	-0.0422116141	-0.0628553454	0.0249594678	0.050944826	0.022270882000000002	0.1297246461	-0.031727845899999996	0.1183992284	-0.2190803966	-0.0301543781	-0.12371756	-0.0147094954	-0.020591743899999997	-0.1435944192	-0.0421772914	-0.0513686594	-0.1133665849	-0.0725842428	0.0689694117	-0.07354814309999999	-0.0832944062	-0.0349677622	0.1301064442	-0.0466228726	0.0470666746	-0.035071926	-0.0050853295	0.0321351094	-0.0782603496	0.039568498	0.10140885109999999	0.11128851470000001	-0.080925518	-0.0485068253	-0.1019567081	-0.0096815325	0.026795655	0.08565488130000001	0.1130596982	-0.1040476977	0.1077825356	0.0505790075	-0.10089674109999999	-0.0687132617	0.1065081301	0.0040293941	0.0475747419	0.004640614699999999	-0.0068160033999999994	0.0273592844	-0.0021687379	-0.0404691479	-0.17095033329999998	-0.0196961368	0.0357844742	0.0091167331	-0.0771457473	0.0751916542	-0.048217369100000004	0.037777353	-0.0180809992	-0.0470132693	0.06824115559999999	-0.0094134174	-0.090938899	0.0278532085	0.08529107009999999	-0.0451477824	-0.07613639929999999	0.0605860527	0.0638512918	-0.0735332567	-0.158891	0.11177000000000004	0.025246349881000003	0.012492532900000007	0.07617360000000001	0.15696480000000002	0.02463794843904001	0.0058024173369600005	-0.218714	0.32514499999999996	0.10571927102499999	0.047835813795999986	0.0022109	0.00069625	4.88807881e-06	4.847640625e-07	0.00208392	0.0021785184	4.7459424191385614e-06	4.3427225664e-06	-0.00503629	-0.0010962799999999998	2.53642169641e-05	1.2018298383999996e-06	0.0	0.0	0.0	0.0	0.0	0.0	0.0	0.0	0.0	0.0	0.0	0.0	0.0	0.0	0.0	0.0	0.0	0.0	0.0	0.0	0.0	0.0	0.0	0.0	0.0	0.0	0.0	0.0	0.0	0.0	0.0	0.0	0.0	0.0	0.0	0.0	0.0	0.0	0.0	1.0	0.0	0.0	0.0	0.0	0.0	0.0	0.0	0.0	0.0	0.0	0.0	0.0	0.0	0.0	0.0	0.0	0.0	0.0	0.0	0.0	0.0	0.0	0.0	0.0	0.0	0.0	0.0	0.0	0.0	0.0	0.0	0.0	0.0	0.0	0.0	0.0	0.0	0.0	0.0	0.0	0.0	0.0	0.0	0.0	0.0	0.0	0.0	0.0	0.0
335.8541055625605	6.616146095589897	112797.98022322755	43.77338915818945	237.90313210719543	2.734162886302101	56597.90026641367	7.475646688831838	230.67715030391884	3.46931679772635	12.036159042986213	53211.947672336755	1.243858	58.13060400000001	0.2585907000000001	-0.0617935792	0.0875963462	0.1137873218	-0.0482092324	-0.0063876197	0.0040442303999999995	-0.060799403499999995	0.1178173003	0.0570411533	0.0903985219	0.0409249571	0.04873665940000002	0.0405715631	0.0100033614	0.0269900511	-0.021274459	-0.0892451947	0.0508902517	-0.027194411499999998	0.0632971576	-0.027910962200000004	0.0030140066	0.0645210965	-0.086155599	-0.0344110345	-0.0732014253	-0.10204222730000001	0.0701037814	-0.0648258392	-0.0150616684	-0.0412335277	-0.12402518380000001	-0.0026968203000000005	-0.056494866500000004	-0.0501563282	-0.011802305800000001	-0.005061557800000001	0.055089615700000004	-0.0458974779	-0.014130313899999997	-0.118565478	0.0012071677000000001	0.13189515599999999	0.19947897920000002	0.0468467874	-0.0615092606	0.0086719774	0.1340619765	-0.0269421511	-0.023466296600000002	-0.053670895	0.0374102798	-0.0408535802	-0.0060935605	0.0101833778	0.0822565305	-0.08213544	-0.0223668843	0.0911606273	-0.0386310911	-0.0463219145	-0.007527656	0.0085874885	0.044531972999999996	-0.0488054604	0.0529631422	-0.07952688620000001	0.07349206059999999	-0.0307963029	-0.0500153444	-0.0447361354	0.12452514279999999	0.0398879018	-0.0513553942	0.1397656049	0.0215609746	-0.011951916699999999	0.026594314700000003	0.023996938399999997	0.0555582775	0.0889221198	0.1251059438	0.0606798171	0.0414315445	0.0253961348	-0.050186709100000004	0.039760584	-0.10654548109999999	0.15305005	0.0155241075	0.0138483756	-0.024287894900000002	0.00882789	0.06889627059999999	0.0046307466	0.0693376082	-0.0012781581	0.017041758	-0.032658846899999996	0.058453573200000004	-0.0580701849	0.0817138674	0.015219909299999999	-0.0106633201	-0.0903983584	0.0314273661	0.0831796512	-0.050533311500000004	-0.071572405	0.06697313120000001	0.056189015300000006	-0.079879464	-0.08535670000000001	0.07353430000000001	0.0072857662348900015	0.00540729327649	0.117717	0.0415434	0.0017258540835599994	0.013857292089	-0.119392	0.09932199999999998	0.009864859683999996	0.014254449664000003	0.0020629000000000003	-0.0001479999999999997	4.255556410000001e-06	2.190399999999991e-08	0.00271178	0.00062786	3.9420817960000007e-07	7.3537507684e-06	-0.00492833	0.00010795999999999984	2.42884365889e-05	1.165536159999996e-08	0.0	0.0	0.0	0.0	0.0	0.0	0.0	0.0	0.0	0.0	0.0	0.0	0.0	0.0	0.0	0.0	0.0	0.0	0.0	0.0	0.0	0.0	0.0	0.0	0.0	0.0	0.0	0.0	0.0	0.0	0.0	0.0	0.0	0.0	0.0	0.0	0.0	0.0	0.0	0.0	0.0	0.0	0.0	0.0	0.0	0.0	0.0	0.0	0.0	0.0	0.0	0.0	0.0	0.0	0.0	0.0	0.0	0.0	0.0	0.0	0.0	0.0	0.0	0.0	0.0	0.0	0.0	0.0	0.0	0.0	0.0	0.0	0.0	0.0	0.0	0.0	0.0	0.0	0.0	0.0	0.0	0.0	0.0	0.0	0.0	0.0	0.0	0.0	0.0
335.789216479611	-0.0648890829494917	112754.39790399105	0.004210593086026014	238.3735618729924	0.4704297657969789	56821.95500001733	0.22130416454780044	230.13062957125896	-0.5465207326598716	0.2986849112270828	52960.10666686401	1.1635209999999998	54.376125	0.77326845	-0.0196332148	0.0564742859	-0.0209798852	0.0163436598	-0.031685814	-0.0186351766	-0.0350935025	-0.0235381396	-0.023372469700000002	-0.0548281101	0.0128719028	0.0742939244	0.0847787715	-0.0604013843	-0.0578519379	-0.0142678125	-0.0602588903	0.0154769337	0.0350338376	-0.0261635256	-0.009108623599999999	0.0131343037	0.035258552	0.0170132247	0.034405982	0.0695977763	0.0019370337	-0.0059156109999999994	-0.005666454699999999	-0.0733719765	-0.0211886713	0.1133469677	0.1171832687	-0.1166757217	0.1199266157	0.0270530802	-0.028360648	-0.08751566849999999	-0.010946681299999999	0.074442833	-0.0764665023	0.0259013979	0.0554570169	-0.0242196387	-0.08642514789999999	0.0219945546	0.0662338235	0.0265956479	0.0220254418	0.020215051	0.09276575769999999	0.0117707944	0.0145693263	0.030790636	0.0286418671	0.0134258298	0.037276116899999996	-0.0048521495	-0.0503502554	-0.0225317079	-0.08335160309999999	0.0095641243	0.069259117	-0.0452582229	-0.0391010683	0.046077409400000005	0.0047589538	0.0198080178	0.0170875397	0.0350021305	-0.0080511798	-0.0488201929	0.067482555	0.1018521152	0.0080412509	-0.0514603685	0.055634944299999996	0.045781566600000004	-0.0626698329	-0.0812790966	0.0274547346	0.08451136320000001	-0.005338929399999999	0.0939307332	0.1101424908	0.0319533842	-0.0307511338	0.1250154242	-0.0361910278	-0.020939356699999998	0.051425987	0.0637127948	0.0068771380000000005	-0.006014000899999999	-0.0578472638	0.123946075	0.0827398944	-0.030575326	-0.0091720952	0.0328778844	0.0730271296	-0.037877219	-0.0163099341	-0.0119112676	-0.08979151710000001	0.034949665899999996	0.0808242521	-0.0556872742	-0.066536203	0.07275890410000001	0.0478679739	-0.08504070400000001	-0.0195016	0.06585510000000001	0.0003803124025599999	0.0043368941960100025	-0.216301	-0.33401800000000004	0.11156802432400002	0.046786122601000006	-0.13376	-0.014367999999999978	0.00020643942399999936	0.0178917376	0.000965132	-0.0010977680000000005	9.314797774239999e-07	1.2050945818240007e-06	-0.000160669	-0.0028724490000000004	8.250963257601e-06	2.5814527561e-08	-0.001718	0.00321033	2.951524e-06	1.03062187089e-05	0.0	0.0	0.0	0.0	0.0	0.0	0.0	0.0	0.0	0.0	0.0	0.0	0.0	0.0	0.0	0.0	0.0	0.0	0.0	0.0	0.0	0.0	0.0	0.0	0.0	0.0	0.0	0.0	0.0	0.0	0.0	0.0	0.0	0.0	0.0	0.0	0.0	0.0	0.0	0.0	1.0	0.0	0.0	0.0	0.0	0.0	0.0	0.0	0.0	0.0	0.0	0.0	0.0	0.0	0.0	0.0	0.0	0.0	0.0	0.0	0.0	0.0	0.0	0.0	0.0	0.0	0.0	0.0	0.0	0.0	0.0	0.0	0.0	0.0	0.0	0.0	0.0	0.0	0.0	0.0	0.0	0.0	0.0	0.0	0.0	0.0	0.0	0.0	0.0
325.7919696756909	-9.997246803920119	106140.40750516631	99.94494365849106	237.1495734977341	-1.2239883752583012	56239.920210157194	1.4981475427674562	228.8604474814697	-1.270182089789273	1.6133625412214452	52377.10442141855	1.230476	57.505234	0.25605505	0.024444761800000003	0.0662950146	-0.1270975919	-0.0064471144	0.0421463474	-0.1286862259	-0.0011992614	-0.061003231799999995	0.0743773586	-0.0886826066	-0.043669596799999995	0.0818471095	-0.011295426599999998	0.1128975684	-0.007455796999999998	-0.0637405176	0.0477759242	-0.08859558699999999	0.0309709472	-0.037624306600000004	0.0367585209	-0.0405506579	0.007811898399999999	0.0324563789	-0.0704079135	0.052116773	0.1137802256	-0.0664348055	-0.0352634609	-0.062639928	0.0318277618	-0.0807271976	-0.0418750209	-0.1321237009	-0.0204269878	-0.18392752329999998	-0.10107037519999999	-0.0787092514	0.0314534012	0.047423007999999996	-0.0150629454	-0.09095327130000001	-0.015159975800000001	-0.006112082	0.0414811285	0.0131704675	0.13697853769999999	0.0190220862	-0.0829903791	0.1355173032	0.0327640638	-0.1314803808	0.007049206999999998	-0.0316436721	0.1099940941	-0.0677718824	0.06466159490000001	-0.0818170093	-0.0439155223	-0.016182140600000002	-0.1120279556	0.0023961447	-0.0863404088	-0.046237564800000006	0.0294956718	-0.0026990803999999997	0.0829334883	-0.0604175395	0.0317156039	-0.0051428726	0.0117809386	0.0153952324	0.0207566001	0.0806029832	-0.0243220909	-0.1305496801	-0.06170917190000001	-0.1141984403	-0.0822439529	0.0790556511	0.0160206308	-0.08639403150000001	0.0216191278	-0.0238324392	-0.055560043899999995	-0.10722065019999999	0.012728251599999999	-0.0715038687	-0.0600247534	-0.0161020737	0.0054369375	-0.1000561025	0.1041369035	0.07047635	0.019555619	0.06924999679999999	0.0385424869	0.033631209700000005	0.0252961758	0.0076127125	0.1458051766	-0.08155817530000001	0.0331113508	-0.013157031000000001	-0.08911882019999999	0.0384142957	0.07823178160000001	-0.0605860527	-0.0610610204	0.0778914249	0.0389857244	-0.0889404128	-0.047261300000000006	-0.02775970000000001	0.0022336304776900007	0.0007706009440900005	-0.108625	0.10767600000000002	0.011594120976000004	0.011799390625	-0.191939	-0.058179000000000015	0.0033847960410000014	0.036840579721	0.00119214	0.000227008	1.4211977796e-06	5.1532632064e-08	0.00039087	0.000551539	3.04195268521e-07	1.5277935689999994e-07	-0.00218826	-0.0004702600000000001	4.7884818276e-06	2.211444676000001e-07	0.0	0.0	0.0	0.0	0.0	0.0	0.0	0.0	0.0	0.0	0.0	0.0	0.0	0.0	0.0	0.0	0.0	0.0	0.0	0.0	0.0	0.0	0.0	0.0	0.0	0.0	0.0	0.0	0.0	0.0	0.0	0.0	0.0	0.0	0.0	0.0	0.0	0.0	0.0	0.0	0.0	0.0	0.0	0.0	0.0	0.0	0.0	0.0	0.0	0.0	0.0	0.0	0.0	0.0	0.0	0.0	0.0	0.0	0.0	0.0	0.0	0.0	0.0	0.0	0.0	0.0	0.0	0.0	0.0	0.0	0.0	0.0	0.0	0.0	0.0	0.0	0.0	0.0	0.0	0.0	0.0	0.0	0.0	0.0	0.0	0.0	0.0	0.0	0.0
324.5136641503462	-1.278305525344706	105309.11822028368	1.6340650161268049	236.04663816163705	-1.1029353360970615	55718.01538741081	1.2164663556115385	226.62768987870862	-2.232757602761069	4.985206512687356	51360.109819760124	1.03725	48.474957	0.33098334499999993	0.0332792258	-0.0470406416	-0.15557472320000001	-0.0833835309	0.0761189775	-0.1288864485	0.0660221428	-0.0030901253999999997	-0.0100935922	0.0214455198	-0.0938492273	0.018037859099999998	-0.048787795300000006	0.1779339023	-0.07181985980000001	0.059569545999999994	0.0603554944	0.1445987736	0.0134087142	0.0774989975	0.0081162931	0.0023756869	-0.0156868618	-0.0513498784	-0.1491689862	-0.0094996961	-0.0911906506	-0.0483016425	0.0963892019	-0.0619119974	0.0618791047	-0.1297654974	0.0376442233	-0.0578211004	-0.11326129	-0.0519586298	0.023489162999999997	0.0253864106	-0.0755976237	0.1167647302	0.06099382900000001	-0.014912823300000001	0.0781004924	-0.071409106	-0.0314375534	0.1175559261	-0.027966684900000004	-0.1128588002	-0.0277258379	0.09086893480000001	-0.043031764400000005	-0.1367725296	0.0050013504	-0.0710859955	0.1183650387	-0.0496892799	-0.0200673973	0.023200264100000003	-0.0218656433	-0.0625708181	0.0067415965000000005	0.0611019096	-0.18105220170000005	-0.007010559	-0.0072604476	-0.05698719	-0.0712608415	-0.1819351694	0.0160475875	0.0376521005	-0.0919805217	0.0108299473	-0.0020207987	0.0048044506	0.0079144823	-0.044981992	-0.023418374500000002	0.0574764867	0.056731403300000004	0.0145102525	-0.0039827217	-0.077772287	0.037734465	-0.1514628418	0.0205257447	-0.1155817899	0.07360867559999999	0.0215371156	-0.006607404599999999	-0.0762231845	-0.0920252907	0.0403917265	-0.0632743452	0.0649531342	0.15066459289999998	0.119969269	0.0782919412	-0.011435963	-0.056891161600000004	-0.0610689203	-0.029495816499999997	-0.1048387567	0.010515778600000001	-0.014400381799999999	-0.0883807611	0.0418155387	0.0754098437	-0.0652071985	-0.0551829804	0.0823246123	0.0296464028	-0.09152074019999999	-0.14390799999999998	-0.09664669999999996	0.020709512463999998	0.009340584620889995	0.0344347	0.1430597	0.02046607776409	0.00118574856409	-0.244694	-0.052755	0.002783090025	0.059875153636	0.00123194	3.9799999999999985e-05	1.5176761636e-06	1.5840399999999994e-09	-3.97889e-05	-0.0004306589	1.8546708814921e-07	1.5831565632099998e-09	-0.00188828	0.00029998000000000004	3.5656013584e-06	8.998800040000002e-08	0.0	0.0	0.0	0.0	0.0	0.0	0.0	0.0	0.0	0.0	0.0	0.0	0.0	0.0	0.0	0.0	0.0	0.0	0.0	0.0	0.0	0.0	0.0	0.0	0.0	0.0	0.0	0.0	0.0	0.0	0.0	0.0	0.0	0.0	0.0	0.0	0.0	0.0	0.0	0.0	0.0	0.0	0.0	0.0	0.0	0.0	0.0	0.0	0.0	0.0	0.0	0.0	0.0	0.0	0.0	0.0	0.0	0.0	0.0	0.0	0.0	0.0	0.0	0.0	0.0	0.0	0.0	0.0	0.0	0.0	0.0	0.0	0.0	0.0	0.0	0.0	0.0	0.0	0.0	0.0	0.0	0.0	0.0	0.0	0.0	0.0	0.0	0.0	0.0
339.8260764123932	15.312412262047019	115481.7622098417	234.46996928288792	238.71406163890347	2.667423477266425	56984.40322414222	7.115148007072107	232.52642757288123	5.89873769417261	34.7951063846528	54068.53951980638	1.389428	64.933723	0.535808245	0.009669349	-0.04818908349999999	-0.13704580689999998	-0.1152516935	-0.0349905612	-0.09919351929999999	-0.0297609219	0.008172879899999999	-0.1289401402	0.10531977279999999	0.0021138608	-0.0352321868	-0.0245886056	0.05435763019999999	0.0001080307	0.2285919813	0.11213502980000001	0.052258733499999994	0.195193058	-0.048025688899999995	0.049514152199999995	-0.0868363184	0.0763793383	-0.0041726711	-0.09214025890000001	0.06648814530000001	-0.045265760999999995	0.020343943700000002	-0.049005336100000005	0.057616192300000015	0.0657230179	-0.09297640089999999	-0.046414808499999995	0.1039675583	0.06607441879999999	-0.0303873177	-0.034171984100000004	-0.0183800862	0.09260305460000001	-0.1214860343	-0.10102825380000001	-0.0102294288	0.051356764900000004	0.0100208818	0.0318910039	0.0546246348	-0.0944468576	-0.0810289924	0.11033528220000001	-0.0710435685	0.0826171473	-0.1094929106	-0.0374772716	0.032633718	0.1143058824	0.0639754702	0.0032048274	0.0959604811	0.0731224503	-0.012813975200000001	0.0260817083	-0.0234387325	0.0287747949	0.0513237926	0.0341455621	-0.0018683131	-0.0499613409	-0.2654693813	0.1178228024	0.1514228585	-0.016222683600000003	0.0930536374	-0.0015652939999999998	-0.0022574857000000003	0.049208209100000004	0.047853541500000006	0.0177419109	-0.005495531	-0.0385292738	0.11782184230000001	-0.0826430154	-0.08774420570000001	0.12108491199999999	-0.017473816899999998	-0.0185157686	0.10083335130000001	0.041586166800000005	-0.1465698869	0.0123291796	-0.0510385161	-0.09973360369999999	0.0332331977	-0.0558766678	-0.0199169647	-0.0074309684	-0.0708956689	-0.010722186699999999	0.0086720236	-0.0678576075	0.0277948919	-0.0664913285	-0.07431074730000001	0.010853941	-0.0156410921	-0.08757788119999999	0.0451477824	0.0723667158	-0.0695295355	-0.0489408639	0.0860186637	0.0199595043	-0.0927434086	-0.129807	0.014100999999999975	0.016849857249	0.00019883820099999931	0.187476	0.1530413	0.02342163950569	0.035147250576	-0.0582154	0.1864786	0.03477426825796	0.0033890327971599996	-0.0015661099999999995	-0.0027980499999999994	2.4527005320999987e-06	7.829083802499996e-06	0.000288748	0.0003285369	1.0793649466160998e-07	8.337540750399997e-08	-0.00137112	0.00051716	1.8799700544e-06	2.674544656e-07	0.0	0.0	0.0	0.0	0.0	0.0	0.0	0.0	0.0	0.0	0.0	0.0	0.0	0.0	0.0	0.0	0.0	0.0	0.0	0.0	0.0	0.0	0.0	0.0	0.0	0.0	0.0	0.0	0.0	0.0	0.0	0.0	0.0	0.0	0.0	0.0	0.0	0.0	0.0	0.0	0.0	1.0	0.0	0.0	0.0	0.0	0.0	0.0	0.0	0.0	0.0	0.0	0.0	0.0	0.0	0.0	0.0	0.0	0.0	0.0	0.0	0.0	0.0	0.0	0.0	0.0	0.0	0.0	0.0	0.0	0.0	0.0	0.0	0.0	0.0	0.0	0.0	0.0	0.0	0.0	0.0	0.0	0.0	0.0	0.0	0.0	0.0	0.0	0.0
334.22968311143984	-5.596393300953367	111709.48107277347	31.319617978955716	239.05938819076786	0.3453265518643889	57149.39108214424	0.11925042742254845	230.8608233364064	-1.6656042364748205	2.774237472562869	53296.719751563454	1.236926	57.806667	0.4887899000000001	-0.0028630272	-0.0351293909	-0.053635723499999996	-0.10446698630000001	-0.068990097	-0.0849845508	-0.0282560606	-0.0575073246	-0.0476725817	0.06512634169999999	-0.1159895623	0.0405539087	-0.06143945610000001	-0.0805033399	0.0154005545	-0.0116976596	-0.034248579	-0.0459511492	-0.0020169524	0.0551798037	-0.0390857843	-0.1055915713	-0.0586741546	-0.0011192083000000001	-0.0142292598	0.0349001003	-0.14126102210000002	-0.0234569948	0.1261373335	-0.0282016361	0.0556462817	-0.0441676015	-0.16252989880000002	0.083000583	0.1128765237	-0.0313176118	0.0229233334	-0.0013911744	-0.018960313700000002	-0.02185721	0.0043545465000000005	0.0771796102	0.053805440700000005	-0.012831146000000002	-0.061883972999999995	-0.0867569301	0.042903622999999995	-0.0046200764	0.034735289100000004	-0.0269947167	-0.0492332496	-0.1360428299	0.0585462536	0.0777062228	0.0893384978	0.0097384715	0.0801666556	0.0729505721	-0.0012670228	-0.0882817599	0.0805570537	0.06999216309999999	0.0290772404	0.0553596438	-0.0190137444	0.0100200218	0.036713187599999995	0.010498054199999999	0.06529421980000001	0.0186778118	0.0339409275	0.030376487200000007	-0.1078646061	-0.0406431015	-0.0430970692	0.0409109174	0.1426528421	0.1663932819	-0.0995162735	0.0264859352	-0.0432711721	-0.021228114300000003	-0.0092080597	-0.023701328900000002	-0.0716225075	-0.1215640706	-0.0162605711	-0.0789249329	0.0468360037	0.027681239700000002	-0.024557227200000004	-0.0305265669	-0.0124720509	-0.190602739	-0.0131168633	-0.0262462395	0.0957801341	0.0027094261	-0.031172295200000002	0.0169775174	-0.0313444538	-0.023775711499999998	-0.0607925463	-0.0168789344	-0.0867107692	0.0484055284	0.0691113238	-0.0735332567	-0.0423758542	0.0889404128	0.0100385988	-0.09259028039999999	-0.046704	0.08310300000000001	0.0021812636160000003	0.0069061086090000025	-0.145569	-0.33304500000000004	0.11091897202500002	0.021190333761	-0.0861247	-0.0279093	0.0007789290264899999	0.00741746395009	-0.00132686	0.00023924999999999947	1.7605574596e-06	5.7240562499999726e-08	0.00074545	0.0004567020000000001	2.0857671680400008e-07	5.556957025000001e-07	-0.00117242	0.00019869999999999998	1.3745686564e-06	3.948169e-08	0.0	0.0	0.0	0.0	0.0	0.0	0.0	0.0	0.0	0.0	0.0	0.0	0.0	0.0	0.0	0.0	0.0	0.0	0.0	0.0	0.0	0.0	0.0	0.0	0.0	0.0	0.0	0.0	0.0	0.0	0.0	0.0	0.0	0.0	0.0	0.0	0.0	0.0	0.0	0.0	0.0	0.0	0.0	0.0	0.0	0.0	0.0	0.0	0.0	0.0	0.0	0.0	0.0	0.0	0.0	0.0	0.0	0.0	0.0	0.0	0.0	0.0	0.0	0.0	0.0	0.0	0.0	0.0	0.0	0.0	0.0	0.0	0.0	0.0	0.0	0.0	0.0	0.0	0.0	0.0	0.0	0.0	0.0	0.0	0.0	0.0	0.0	0.0	0.0
337.89815871927044	3.6684756078306013	114175.16566587328	13.457713285248095	239.22285009877282	0.16346190800496174	57227.572009379925	0.02671979536862257	231.30728779830426	0.4464644618978468	0.19933051573773392	53503.06138860755	1.232257	57.588478	0.33845891999999994	-0.0098310248	-0.1090129766	0.0679288879	-0.0278987173	-0.07113603519999999	0.11026495800000001	-0.0298486406	0.024665166000000002	-0.10361179710000001	-0.0520656147	-0.0331066305	-0.0127598662	-0.012913843999999999	0.07797428990000001	-0.0780442017	0.010825824199999999	-0.0014769913	-0.0587150926	0.0369362796	0.034968150499999996	-0.0080444948	-0.0468266066	0.0249111604	0.0548656712	-0.0640150696	-0.0807721198	0.0022826587	0.044607324000000004	-0.006606707900000001	0.0158429007	0.0127520553	0.0217819629	-0.1854239764	-0.0825254079	-0.0207598916	0.0807016574	-0.0058705753	-0.050674158899999995	0.081392777	0.0168142847	0.162031962	0.0328160544	0.0154488146	0.0821264923	-0.0232772094	0.1130536741	0.022728666	-0.0517834138	0.09448362240000001	-0.08789213900000001	-0.0006008844999999999	0.08902272929999999	-0.0127667328	0.0713763124	-0.0888079758	0.1057340819	0.0144999425	0.0252164419	-0.062295804800000014	0.030979733199999998	0.008912986	0.0097855273	-0.0782124422	-0.0323849041	-0.0915324025	-0.015750008899999998	0.049173721	-0.08058564110000001	0.0090944566	0.1523011424	0.026894166299999998	0.0577246922	-0.013290446499999999	-0.1065907338	-0.0750065132	-0.00027170790000000003	0.0482572969	-0.158718371	-0.052573338899999995	-0.0717108652	0.051461750199999996	-0.09192503939999999	-0.056556117999999996	0.1303674617	0.0039174114	-0.0791240232	0.018909556100000002	-0.023607447200000003	0.002581692	0.037501562599999996	-0.0007274599	0.0598985788	-0.1122714836	-0.0269812036	0.0558754024	0.0111844576	-0.0094253379	0.0277970124	0.12809942359999998	0.0719013859	-0.0887845346	-0.0347817623	-0.0030202772999999997	-0.0181136817	-0.0857800611	0.051583401200000004	0.06565321639999999	-0.0772000154	-0.0355312647	0.09106362720000001	0.0	-0.09106362720000001	-0.056627099999999986	-0.00992309999999999	0.0032066284544099988	9.846791360999979e-05	-0.316279	-0.17070999999999995	0.029141904099999987	0.10003240584099997	-0.034583300000000004	0.0515414	0.00265651591396	0.0011960046388900002	-6.17216e-05	0.0012651384	3.80955590656e-09	1.60057517115456e-06	0.00136688	0.00062143	3.861752449e-07	1.8683609344e-06	-0.00141154	-0.00023912	1.9924451716e-06	5.71783744e-08	0.0	0.0	0.0	0.0	0.0	0.0	0.0	0.0	0.0	0.0	0.0	0.0	0.0	0.0	0.0	0.0	0.0	0.0	0.0	0.0	0.0	0.0	0.0	0.0	0.0	0.0	0.0	0.0	0.0	0.0	0.0	0.0	0.0	0.0	0.0	0.0	0.0	0.0	0.0	0.0	0.0	0.0	0.0	0.0	0.0	0.0	0.0	0.0	0.0	0.0	0.0	0.0	0.0	0.0	0.0	0.0	0.0	0.0	0.0	0.0	0.0	0.0	0.0	0.0	0.0	0.0	0.0	0.0	0.0	0.0	0.0	0.0	0.0	0.0	0.0	0.0	0.0	0.0	0.0	0.0	0.0	0.0	0.0	0.0	0.0	0.0	0.0	0.0	0.0
336.12902953604294	-1.7691291832275056	112982.72449684206	3.1298180669472213	238.4064056446213	-0.8164444541515081	56837.61425238773	0.666581546714754	229.9506150750804	-1.356672723223852	1.8405608779396223	52877.285373407794	1.1337100000000002	52.982944	0.63414398	-0.0687897302	0.0359910341	-0.014234519499999999	0.02002492	-0.055767806600000004	-0.0242010819	-0.029468915699999997	0.044360685999999996	0.005833533199999999	-0.0585218946	0.0267915156	-0.08633851199999999	-0.0316472295	-0.0258504179	0.0214149496	-0.035698667999999996	-0.0150643	0.0505201456	0.07025499980000001	0.0832794535	-0.07044019879999999	0.0957708994	-0.0617173098	0.0364311865	0.0127863471	-0.1045693851	0.0246054615	0.0665459723	-0.0382834597	-0.0653197296	0.0229325908	0.040466703199999995	-0.0548561334	0.0307432556	0.000505859	-0.0177218597	0.0037287343	-0.0148792407	-0.0389173067	-0.1030600793	-0.0272706675	-0.0846976247	0.010056813000000001	-0.0363321645	-0.0352967159	-0.0725239327	0.1466424718	0.0591607124	0.041305568	0.012016407	0.0324895863	0.009642845	-0.0458016559	0.053147132199999995	0.0312641278	0.0380851401	-0.0307213277	-0.0685863321	-0.0087436636	0.063232962	0.07763586230000001	-0.0045529563	0.0146946307	-0.0365038461	0.0289863608	0.0840684816	0.008309950600000001	0.0375467342	-0.0340709593	-0.0056312668000000005	0.0048702359	-0.008761782	0.0112736155	-0.1174391918	-0.10519509099999999	-0.0466056931	0.06845262690000001	-0.0728223961	-0.0478789621	-0.0421290118	0.040863597599999996	-0.0100186215	0.0491114254	0.0144955573	0.0398140351	-0.018465454	0.1040314636	0.0381835646	-0.011647922	0.0370302607	-0.0344414287	-0.0421785138	-0.0695124792	-0.1810724223	-0.0376856594	-0.0090516824	-0.09904607359999999	0.0031724625	-0.0142864354	0.0132083952	0.074028314	0.030337541699999998	-0.0530970368	-0.0193451075	-0.08478643960000001	0.0546761568	0.062002536799999994	-0.0805130088	-0.0284522534	0.092369244	-0.0100385988	-0.0881860959	-0.12791400000000006	-0.07128690000000007	0.016361991396000013	0.00508182211161001	-0.108439	0.20784	0.04319746559999999	0.011759016721000002	0.0265469	0.0611302	0.00373690135204	0.0007047378996099999	0.00290394	0.0029656616	8.4328675236e-06	8.795148725714559e-06	0.000350074	-0.001016806	1.0338944416359998e-06	1.2255180547600002e-07	-0.00330681	-0.00189527	1.09349923761e-05	3.5920483728999994e-06	0.0	0.0	0.0	0.0	0.0	0.0	0.0	0.0	0.0	0.0	0.0	0.0	0.0	0.0	0.0	0.0	0.0	0.0	0.0	0.0	0.0	0.0	0.0	0.0	0.0	0.0	0.0	0.0	0.0	0.0	0.0	0.0	0.0	0.0	0.0	0.0	0.0	0.0	0.0	0.0	0.0	0.0	1.0	0.0	0.0	0.0	0.0	0.0	0.0	0.0	0.0	0.0	0.0	0.0	0.0	0.0	0.0	0.0	0.0	0.0	0.0	0.0	0.0	0.0	0.0	0.0	0.0	0.0	0.0	0.0	0.0	0.0	0.0	0.0	0.0	0.0	0.0	0.0	0.0	0.0	0.0	0.0	0.0	0.0	0.0	0.0	0.0	0.0	0.0
334.8277039107056	-1.3013256253373129	112109.59130611515	1.6934483831595484	238.08969574023124	-0.3167099043900805	56686.70321767588	0.10030516353877393	229.4133354647925	-0.5372796102878965	0.28866937963111394	52630.47848908143	0.986627	46.109135	0.3305094	-0.0677254388	-0.055801687	0.021950374300000002	0.0037784148999999998	-0.0494552766	0.0299769775	0.0152384119	0.0621410015	-0.0251466283	-0.118384121	-0.0294803219	-0.1079540964	0.027033240400000002	0.024522300099999998	-0.0416861202	-0.0585438912	0.016664932	0.0685565094	-0.017313406899999998	-0.0417966201	0.0125248476	0.0261732581	-0.0041090154	0.0112503402	-0.0101177956	-0.0921944636	-0.013422064499999999	0.027580203199999997	0.042526986100000004	-0.10082254730000001	0.056041803499999994	-0.009042496899999999	-0.0026115303	0.058295578	0.051683497099999996	0.0211860275	0.0803176121	0.0369989462	0.0038785174	0.1053635453	-0.0661497874	0.0468160568	-0.0333339208	-0.0487853225	-0.0384767016	-0.0575612114	0.0578656804	0.0066695416	0.0776317834	-0.0075609484	0.0014743815	0.045398274	-0.0750262993	0.046222682	-0.024190537400000003	0.021222221800000003	-0.055371504800000006	-0.0642970433	-0.1184559793	0.059536810999999995	0.0750200276	0.0049930553	-0.0510994402	-0.09027096300000001	0.0021155812	-0.0303890835	-0.0244452479	-0.0168562953	0.0637717922	-0.0328618497	-0.0013056881	-0.0525689134	0.048046498	-0.0583757286	0.0056943926	-0.0788957287	0.0656499016	0.011428883	0.0106816658	-0.10152287189999999	-0.0694507215	0.053890143099999996	0.006293275	-0.040531481099999996	0.0292256069	-0.0696167276	0.0337310971	-0.0063640711	0.0193455599	0.0992880068	0.0492752745	0.0874884025	-0.043724845199999994	-0.075705774	-0.0798863491	0.0147062169	-0.0158022277	0.1258065636	-0.0039885253	-0.060794768	-0.006940716600000001	0.0158628127	-0.011517502399999999	-0.0205729861	-0.0837306334	0.0576786922	0.0581699931	-0.08345705519999999	-0.0211855248	0.0928455409	-0.0199595043	-0.0840003732	-0.115051	0.012863000000000057	0.013236732601	0.00016545676900000142	-0.27396	-0.16552099999999995	0.027397201440999996	0.07505408159999999	0.017932799999999995	-0.008614100000000003	7.420271881000005e-05	0.0003215853158399998	0.00419901	0.0012950700000000006	1.7631684980100006e-05	1.6772063049000015e-06	0.00165478	0.001304706	1.7022577464360003e-06	2.7382968484e-06	-0.00357726	-0.0002704500000000002	1.27967891076e-05	7.314320250000012e-08	0.0	0.0	0.0	0.0	0.0	0.0	0.0	0.0	0.0	0.0	0.0	0.0	0.0	0.0	0.0	0.0	0.0	0.0	0.0	0.0	0.0	0.0	0.0	0.0	0.0	0.0	0.0	0.0	0.0	0.0	0.0	0.0	0.0	0.0	0.0	0.0	0.0	0.0	0.0	0.0	0.0	0.0	0.0	0.0	0.0	0.0	0.0	0.0	0.0	0.0	0.0	0.0	0.0	0.0	0.0	0.0	0.0	0.0	0.0	0.0	0.0	0.0	0.0	0.0	0.0	0.0	0.0	0.0	0.0	0.0	0.0	0.0	0.0	0.0	0.0	0.0	0.0	0.0	0.0	0.0	0.0	0.0	0.0	0.0	0.0	0.0	0.0	0.0	0.0
335.2278584826497	0.4001545719440856	112377.71710286342	0.16012368144775432	237.8099092738053	-0.27978646642591803	56553.552948815515	0.07828046679510132	228.95617355372363	-0.45716191106888	0.2089970129321506	52420.92940836282	0.909718	42.514858	0.2235883	-0.052439850700000006	0.0113453069	0.0701576634	0.0197334511	-0.0193185661	0.0180998153	-0.0103116093	0.0781471133	-0.000942951	-0.10458863560000001	0.0416464756	-0.07681345980000001	0.067929016	-0.0197872009	-0.051725458700000004	-0.0529382621	0.0414458702	-0.0202985214	6.74118e-05	0.0083961225	0.024843569	-0.029184800299999997	-0.0339552992	0.0027480815	-0.0711840261	-0.0227937634	-0.0277772379	-0.0980015749	-0.0365164229	0.0201103711	-0.0768638187	-0.0536995018	-0.0698291509	0.08621077769999999	-0.0631908014	0.0925173857	-0.0814867443	0.1864856734	0.108800046	-0.0824024162	-0.10979372359999999	-0.0352818757	-0.0629117903	0.0233477948	-0.0087604772	0.0052357613	-0.05018770349999999	0.038866904199999996	0.0240327047	-0.0178381468	0.0199658242	0.063254326	-0.07673545	0.011733751899999999	-0.012057655	0.0314341146	-0.0725557336	-0.0562915363	-0.0886705282	0.0998679098	0.0200814525	-0.0196301972	0.0115395431	-0.0824907109	-0.0515792762	-0.030131677000000006	-0.00038361389999999997	-0.0243354607	-0.016819300500000002	-0.0669072271	-0.012819388999999999	0.055516623200000004	-0.026453067799999997	-0.0147352899	-0.0435229967	0.0005239854000000001	-0.0626576851	-0.098733634	0.0668018322	0.1002209307	-0.030022788300000002	0.0306029033	-0.0743253002	-0.058298403799999995	0.0172036827	-0.0404514708	-0.050068105099999996	-0.0159040131	0.0393364998	0.0066786087	-0.076059837	0.1414814205	0.1271210699	0.0013222747	-0.0180562347	-0.1630276191	-0.08348208509999999	0.0670315313	-0.1138857051	0.0551319322	0.07070185450000001	0.052314883	-0.1225669548	-0.021797092400000002	-0.08261341679999999	0.0605860527	0.0541668268	-0.0860186637	-0.0137790222	0.0924882418	-0.0296464028	-0.0785685519	-0.07250110000000001	0.04254989999999999	0.005256409501210002	0.001810493990009999	-0.164603	0.10935699999999997	0.011958953448999995	0.027094147609000002	0.0532537	0.0353209	0.0012475659768100002	0.0028359565636899998	0.00387904	-0.00031997000000000064	1.5046951321599997e-05	1.0238080090000036e-07	0.00137322	-0.00028155999999999987	7.927603359999996e-08	1.8857331684e-06	-0.00370294	-0.00012567999999999998	1.37117646436e-05	1.57954624e-08	0.0	0.0	0.0	0.0	0.0	0.0	0.0	0.0	0.0	0.0	0.0	0.0	0.0	0.0	0.0	0.0	0.0	0.0	0.0	0.0	0.0	0.0	0.0	0.0	0.0	0.0	0.0	0.0	0.0	0.0	0.0	0.0	0.0	0.0	0.0	0.0	0.0	0.0	0.0	0.0	0.0	0.0	0.0	0.0	0.0	0.0	0.0	0.0	0.0	0.0	0.0	0.0	0.0	0.0	0.0	0.0	0.0	0.0	0.0	0.0	0.0	0.0	0.0	0.0	0.0	0.0	0.0	0.0	0.0	0.0	0.0	0.0	0.0	0.0	0.0	0.0	0.0	0.0	0.0	0.0	0.0	0.0	0.0	0.0	0.0	0.0	0.0	0.0	0.0
334.59803607385726	-0.6298224087924496	111955.84574448227	0.3966762666171234	238.11027102129054	0.30036174748522626	56696.501165832444	0.09021717935237884	229.792079393228	0.8359058395043633	0.6987385725174943	52804.3997518636	1.033025	48.277504	0.04323150000000001	-0.1180591392	0.0014528129	-0.061488875400000004	0.0015470720999999998	-0.0719131906	-0.08810076439999999	0.024217157599999997	0.0151053651	0.0209283382	-0.07727425809999999	-0.0418137279	-0.0672518159	0.10268387220000001	-0.0534459149	0.0882476877	-0.042169171799999995	-0.054279314	0.0384794943	-0.0079277992	-0.09867407310000001	-0.0784040403	0.0612571036	-0.0656968473	0.0157082266	0.0126452396	0.1118752903	0.015965007399999998	0.0913640933	-0.11535775599999999	-0.0795507479	0.1080807866	-0.0027518626	0.006992702900000001	0.0252971871	-0.0711647946	0.0793264968	0.0024826942	0.0640822829	-0.05646602360000001	0.003848837	0.046567815199999994	-0.009706084200000001	0.0430517379	-0.025087649500000003	-0.13039765080000001	-0.1204853438	0.014795187900000001	0.053202751	0.09872293900000001	0.059887675599999995	0.021484996699999998	-0.046989224	-0.0621128801	0.0677540432	0.0805621505	-0.046875898	-0.0243002575	-0.067132651	-0.0977905042	-0.024230200299999997	0.038992541299999996	-0.1271245317	0.061943228899999994	-0.0543503096	0.0513052805	0.046274763200000006	-0.0420935346	0.16985238940000005	0.0168813024	0.0255009098	-0.0632865401	-0.1009923319	-0.026489892	0.0485540474	0.1370289577	0.0493484518	0.112315254	-0.046927316600000005	0.0663941073	0.048269146799999996	-0.014551408200000001	-0.0125384507	-0.0723816166	0.0317335252	0.0163615544	0.016292234	-0.0025341870000000002	-0.024770718100000002	0.1337049834	0.0831761468	0.022149743399999998	-0.0177625995	0.0097388036	0.0123979069	-0.0441855167	-0.0176016974	-0.0515970828	-0.08969769640000001	0.0202178134	-0.13260607789999998	0.018008401	0.0605080403	0.11096346019999999	-0.0230172018	-0.0814356093	0.063393441	0.050004779900000004	-0.0881860959	-0.0062816109	0.0913005544	-0.0389857244	-0.07197121	-0.0840883	-0.011587199999999992	0.007070842196890002	0.0001342632038399998	-0.190872	-0.02626900000000001	0.0006900603610000008	0.036432120384	0.0496099	-0.003643799999999996	1.3277278439999967e-05	0.0024611421780100003	0.00384555	-3.348999999999973e-05	1.4788254802500003e-05	1.1215800999999822e-09	0.00137208	-1.1400000000001689e-06	1.2996000000003845e-12	1.8826035264e-06	-0.00370294	0.0	1.37117646436e-05	0.0	0.0	0.0	0.0	0.0	0.0	0.0	0.0	0.0	0.0	0.0	0.0	0.0	0.0	0.0	0.0	0.0	0.0	0.0	0.0	0.0	0.0	0.0	0.0	0.0	0.0	0.0	0.0	0.0	0.0	0.0	0.0	0.0	0.0	0.0	0.0	0.0	0.0	0.0	0.0	0.0	0.0	0.0	0.0	0.0	0.0	0.0	0.0	0.0	0.0	0.0	0.0	0.0	0.0	0.0	0.0	0.0	0.0	0.0	0.0	0.0	0.0	0.0	0.0	0.0	0.0	0.0	0.0	0.0	0.0	0.0	0.0	0.0	0.0	0.0	0.0	0.0	0.0	0.0	0.0	0.0	0.0	0.0	0.0	0.0	0.0	0.0	0.0	0.0	0.0
334.52436548137376	-0.07367059248349506	111906.55110071572	0.0054273561968691975	237.5952795024875	-0.5149915188030434	56451.51684186517	0.2652162644390654	228.54834086821631	-1.243738525011679	1.5468855185982269	52234.3441136144	1.313417	61.381382	0.7127033999999999	0.0570269529	-0.010956526999999999	0.023421964500000003	-0.1140496465	0.0337036514	-0.0103768477	-0.0623298504	-0.0046603768	0.0269408386	0.0141741612	-0.1423139444	0.0406970496	0.10064639	0.05343265639999999	-0.024398117200000003	-0.049695607999999995	0.0672475451	-0.020599535800000002	-0.16982037960000002	0.08790863369999999	-0.0366376576	0.0286958155	-0.1469335681	0.0539831891	0.0810347061	0.0754006297	0.0436293496	0.0001775802	0.056583140999999997	-0.028982714700000002	-0.0246307539	0.0879637393	0.0455763825	0.0003100101	-0.0248088714	0.1034374192	-0.0194867843	-0.0720653754	0.040114508199999996	-0.0773490209	0.0723163808	0.0804826998	0.0125966305	0.0091571547	-0.0266537646	0.055155945899999996	-0.0060719477	0.018327973799999998	-0.06432195240000001	-0.0971861478	-0.0620637853	-0.1067778092	0.0109454601	-0.0427442757	0.010378595899999999	0.023129112900000002	0.029120125499999996	-0.0323403456	-0.0576146661	-0.1195704085	-0.0473520424	-0.0596980008	-0.0732380376	-0.0482441346	-0.013798788999999999	-0.13199788310000002	-0.0052679713	0.1233589623	-0.1507060935	-0.0248769341	-1.3854500000000001e-05	-0.1278635609	-0.0290273876	0.0511661791	-0.0307576022	0.0673270399	0.0668572199	-0.005184100200000001	0.0219929078	-0.043197970599999996	0.057586782300000014	-0.029094110099999997	-0.0279186867	-0.0419154407	0.1092886533	0.0165365145	-0.0299798267	-0.029921991800000002	-0.0461706935	-0.10000865279999999	0.0056656495	0.0756080088	-0.08936015480000001	-0.049752129699999995	0.053461359699999995	-0.027747272200000003	-0.0448746712	-0.0387300128	0.0197662221	0.0043632363	-0.090144216	0.12634882460000002	-0.0669644463	-0.0242330906	-0.0801980746	0.0660962247	0.0456960603	-0.08994941960000001	0.0012572441	0.08929314220000001	-0.0478679739	-0.0643062155	-0.160857	-0.0767687	0.025874974449	0.005893433299689999	-0.184569	0.006303000000000003	3.972780900000004e-05	0.034065715761	-0.287396	-0.3370059	0.11357297663480995	0.08259646081599999	0.000596362	-0.003249188	3.55647635044e-07	1.0557222659344e-05	-0.000384968	-0.001757048	3.087217674304e-06	1.4820036102400002e-07	-0.00285666	0.00084628	8.1605063556e-06	7.161898384000002e-07	0.0	0.0	0.0	0.0	0.0	0.0	0.0	0.0	0.0	0.0	0.0	0.0	0.0	0.0	0.0	0.0	0.0	0.0	0.0	0.0	0.0	0.0	0.0	0.0	0.0	0.0	0.0	0.0	0.0	0.0	0.0	0.0	0.0	0.0	0.0	0.0	0.0	0.0	0.0	0.0	0.0	0.0	0.0	1.0	0.0	0.0	0.0	0.0	0.0	0.0	0.0	0.0	0.0	0.0	0.0	0.0	0.0	0.0	0.0	0.0	0.0	0.0	0.0	0.0	0.0	0.0	0.0	0.0	0.0	0.0	0.0	0.0	0.0	0.0	0.0	0.0	0.0	0.0	0.0	0.0	0.0	0.0	0.0	0.0	0.0	0.0	0.0	0.0	0.0
334.01202712513265	-0.5123383562411163	111564.03426424033	0.26249059127584906	238.08065166064472	0.4853721581572188	56682.396695157244	0.23558613191419625	230.35193140024788	1.8035905320315635	3.2529388072338983	53062.0122998245	1.054085	49.261761	0.1889142000000001	0.1402083506	-0.0368760366	0.00027740290000000003	0.030899974	0.0819977192	0.06267562089999999	-0.0262427363	-0.0234769477	-0.1149365093	-0.0024939933	-0.0309031756	0.08923788029999999	0.063674892	0.008252934200000001	0.0082578852	0.023687221600000002	0.0902672872	0.0885169136	-0.0465898759	-0.072000595	0.0048330303	0.0099983015	-0.0698727791	0.0525673783	0.0072894606	0.0947167585	0.0840141058	0.0182195832	-0.0036390733	0.0189116199	-0.0564832375	0.0175884066	-0.0226487779	-0.036006814	0.0958021581	-0.0489035921	0.0198959622	-0.0164302298	-0.0684428342	-0.027786880099999998	0.0777700576	-0.01055795	-0.0626139768	-0.022706435299999998	-0.0398522048	-0.1319479284	-0.023359213599999998	-0.11828025029999999	-0.0568577526	-0.0488323744	0.051689473099999994	0.0345480649	0.0290346658	-0.0826759936	-0.052752394400000006	0.0839038724	0.0633861384	0.0916350256	-0.0656437482	-0.0259275832	-0.0800456799	-0.032452018799999996	0.016123615	-0.0380147234	0.0660363366	-0.08841189320000001	-0.1052071129	-0.0407195858	0.0049685213	0.022109350299999997	-0.0090062378	-0.0664562309	-0.023147459	0.0944253107	-0.0755543404	0.0929095536	0.0140319758	0.0431835262	-0.1449638121	-0.008002461899999999	0.0457101463	-0.011535886	-0.0130732627	0.0635677276	-0.050668667300000005	-0.045444148600000005	-0.0394436822	0.0355428323	-0.012779794399999999	-0.0283628624	0.0183384167	-0.0805550294	0.08115017440000001	-0.0124636224	-0.028518702000000007	-0.0599099525	-0.0593059561	-0.050817928	0.1257553781	0.0307764812	0.030193495499999997	-0.0597535866	0.0156212197	-0.025444536	-0.0789017205	0.068689944	0.0412533063	-0.0913005544	0.0087878044	0.0864840284	-0.056189015300000006	-0.0556872742	-0.169666	-0.008809000000000011	0.028786551556000007	7.75984810000002e-05	-0.156959	0.027610000000000023	0.0007623121000000012	0.024636127681	-0.39375	-0.10635399999999999	0.011311173316	0.1550390625	0.000669475	7.311299999999998e-05	4.48196775625e-07	5.345510768999996e-09	0.000129563	0.000514531	2.6474214996100005e-07	1.6786570969e-08	-0.00319184	-0.00033518	1.01878425856e-05	1.123456324e-07	0.0	0.0	0.0	0.0	0.0	0.0	0.0	0.0	0.0	0.0	0.0	0.0	0.0	0.0	0.0	0.0	0.0	0.0	0.0	0.0	0.0	0.0	0.0	0.0	0.0	0.0	0.0	0.0	0.0	0.0	0.0	0.0	0.0	0.0	0.0	0.0	0.0	0.0	0.0	0.0	0.0	0.0	0.0	0.0	0.0	0.0	0.0	0.0	0.0	0.0	0.0	0.0	0.0	0.0	0.0	0.0	0.0	0.0	0.0	0.0	0.0	0.0	0.0	0.0	0.0	0.0	0.0	0.0	0.0	0.0	0.0	0.0	0.0	0.0	0.0	0.0	0.0	0.0	0.0	0.0	0.0	0.0	0.0	0.0	0.0	0.0	0.0	0.0	0.0
334.17617862835044	0.16415150321779493	111673.71836264717	0.026945716008661736	237.9828576348549	-0.097794025789824	56635.84052805161	0.009563671480180759	230.4054356967614	0.053504296513523286	0.00286270974540702	53086.66479861445	1.097999	51.314037	0.31195635	0.10046273160000001	0.13226129179999999	0.04425772309999999	-0.0016992068	0.0937018162	-0.0058170973999999995	-0.0853306857	-0.025605282599999998	-0.0072737474	0.0100536999	0.0726555041	0.1276959958	0.0640224041	0.0284141673	-0.0264840748	-0.0582119449	0.07480733070000001	-0.0603386759	-0.004452274	0.0820827972	-0.009045460699999999	0.0305293855	-0.0032162174	0.011708554599999999	-0.0036800942999999997	5.7304799999999994e-05	-0.0208125499	0.035964468199999995	0.0297443001	0.0205776462	0.0704883275	0.0207525495	0.043216177800000005	-0.0063674544999999996	0.016817548300000002	0.0271239192	0.0459630154	0.028340965	0.041968796399999994	-0.0043388535999999995	0.0321116453	0.0904029672	-0.0598538346	0.058349624	0.026541248700000002	0.032174057400000004	-0.1403123346	0.015434783999999997	-0.116977187	-0.0225898644	0.0698229845	0.027467598500000003	0.0709809247	-0.0899889003	0.0203888939	0.0535714389	0.0684786307	0.008238335	0.0353304806	0.031411251	-0.17066109899999998	-0.0237229664	0.0199630263	-0.045473946200000004	0.0174896148	-0.0201873992	0.0759143202	0.027802233	-0.1063121411	-0.00041221	-0.0201849452	-0.0308032519	-0.0374679516	-0.0319919779	0.053701891200000004	0.0352871008	0.0018826503	0.05790074150000001	0.031495452400000006	0.0034630033	-0.0567185847	0.055530242699999996	0.005882340400000001	0.0086992331	-0.04303334650000002	-0.0202306391	-0.0315550364	0.035209872	-0.0368456546	-0.054618788700000004	0.0944024411	0.135964162	0.07457585900000001	0.06519469209999999	-0.0037145214000000003	0.04619691	0.0410127718	-0.08572026029999999	-0.015481368	-0.022210581099999998	-0.0089703284	0.07609306639999999	-0.08291247780000001	-0.026651315699999997	-0.0775474976	0.0711703189	0.0366895492	-0.09223330880000001	0.016260386	0.0828984341	-0.0638512918	-0.0462422434	-0.139195	0.030471	0.019375248025000003	0.000928481841	0.0492838	0.20624279999999998	0.042536092551839995	0.0024288929424400004	-0.398979	-0.0052289999999999845	2.734244099999983e-05	0.15918424244100002	0.00120397	0.000534495	1.4495437608999996e-06	2.85684905025e-07	-0.0005057530000000001	-0.000635316	4.03626419856e-07	2.557860970090001e-07	-0.00296138	0.00023046000000000004	8.7697715044e-06	5.311181160000002e-08	0.0	0.0	0.0	0.0	0.0	0.0	0.0	0.0	0.0	0.0	0.0	0.0	0.0	0.0	0.0	0.0	0.0	0.0	0.0	0.0	0.0	0.0	0.0	0.0	0.0	0.0	0.0	0.0	0.0	0.0	0.0	0.0	0.0	0.0	0.0	0.0	0.0	0.0	0.0	0.0	0.0	0.0	0.0	0.0	0.0	0.0	0.0	0.0	0.0	0.0	0.0	0.0	0.0	0.0	0.0	0.0	0.0	0.0	0.0	0.0	0.0	0.0	0.0	0.0	0.0	0.0	0.0	0.0	0.0	0.0	0.0	0.0	0.0	0.0	0.0	0.0	0.0	0.0	0.0	0.0	0.0	0.0	0.0	0.0	0.0	0.0	0.0	0.0	0.0
336.02167558198977	1.8454969536393264	112910.56646092796	3.4058590058920335	238.1298239281357	0.14696629328082622	56705.813044044924	0.021599091360705827	232.17437360794938	1.7689379111879757	3.12914133363808	53904.939760243666	1.200431	56.10109300000001	0.16177045	0.040540633199999995	0.0333122046	-0.1292959565	-0.0603174442	0.037710716899999996	-0.1127985692	-0.056970401500000004	-0.024508620499999998	-0.09089932210000001	0.041550180299999996	0.005358899300000001	0.0842143111	0.030035831000000002	0.0629215796	0.0824399883	0.1015147747	-0.0058189612	-0.0477109539	0.0427389836	-0.106809349	0.0407593132	0.0351350601	0.0813667277	0.11536468650000001	-0.0146689711	0.0699510792	0.0578302799	0.038254305	-0.1060897756	-0.0331990856	0.0706758649	-0.09698470990000001	-0.0101840575	-0.06589139940000001	-0.0506769071	-0.0281976697	-0.0530688701	-0.1626707495	-0.0612971876	-0.040083887900000004	-0.09553956849999999	0.0020394216000000002	-0.0725879991	-0.0087156371	0.1328255593	-0.080080133	0.1014598664	-0.0379974872	0.006876749000000001	0.0182930826	0.11091290320000001	-0.0897711643	-0.0183317225	-0.040742167	0.1264820441	0.057484657	0.0524109735	0.057521088899999996	0.014858176	-0.047533805199999994	-0.09109579599999999	-0.0677446028	0.0076920373	0.10192197900000001	0.0340612145	0.0044954154	0.0373545462	-0.0400553637	0.0515700294	0.082027639	0.07387717860000001	-0.09505727630000001	0.08666093109999999	0.019074575700000002	0.0754759849	-0.08179669120000001	-0.050179835199999995	-0.1179602624	-0.0418537601	0.0040721927	-0.0013624313	-0.0957575122	0.10446300619999999	0.0533797732	-0.0468668821	0.1010604869	0.0082795952	-0.0644451323	-0.0268841004	-0.0349603639	0.1385081323	-0.0400667218	0.0805248688	-0.0440347688	-0.060461254400000004	0.0630087855	-0.05706090480000001	0.022428081699999998	-0.017053126000000002	-0.0605930055	-0.020633758000000002	0.0013767494	-0.0685136841	-0.0278532085	-0.07613639929999999	0.0735332567	0.0320181754	-0.0927434086	0.023625687700000002	0.0785685519	-0.07076497030000001	-0.0361112347	-0.135237	0.003958000000000017	0.018289046169	1.5665764000000135e-05	0.0788711	0.0295873	0.0008754083212899999	0.00622065041521	-0.309212	0.08976699999999999	0.008058114288999997	0.095612060944	0.0008701539999999999	-0.00033381599999999996	7.571679837159998e-07	1.11433121856e-07	-0.000242726	0.0002630270000000001	6.918320272900004e-08	5.8915911075999996e-08	-0.0031337	-0.00017232000000000008	9.820075689999999e-06	2.9694182400000043e-08	0.0	0.0	0.0	0.0	0.0	0.0	0.0	0.0	0.0	0.0	0.0	0.0	0.0	0.0	0.0	0.0	0.0	0.0	0.0	0.0	0.0	0.0	0.0	0.0	0.0	0.0	0.0	0.0	0.0	0.0	0.0	0.0	0.0	0.0	0.0	0.0	0.0	0.0	0.0	0.0	0.0	0.0	0.0	0.0	0.0	0.0	0.0	0.0	0.0	0.0	0.0	0.0	0.0	0.0	0.0	0.0	0.0	0.0	0.0	0.0	0.0	0.0	0.0	0.0	0.0	0.0	0.0	0.0	0.0	0.0	0.0	0.0	0.0	0.0	0.0	0.0	0.0	0.0	0.0	0.0	0.0	0.0	0.0	0.0	0.0	0.0	0.0	0.0	0.0
332.26083731138175	-3.7608382706080192	110397.26401086051	14.143904497669913	237.71091592441812	-0.4189080037176041	56506.47954962577	0.1754839155786682	228.427536286814	-3.746837321135388	14.038789911053007	52179.13933406372	1.915457	89.517227	1.32899463	-0.0802667762	-0.1038932933	-0.054472729299999995	0.0389367417	-0.0490383166	-0.0328210497	0.1264535192	0.1276047894	-0.0785957425	0.0102338148	0.0584246363	0.0115069582	-0.0506819251	0.08738579640000001	-0.1046476583	-0.0302345883	0.0453859752	-0.1174288467	0.1180901994	0.1678039268	0.0757024525	0.0883854994	0.0079720836	-0.21893077149999998	0.18289937050000002	-0.11680276199999999	0.2322765561	0.018320628000000002	0.1646101805	0.157040409	0.06408433200000001	0.1476584847	0.0982947332	-0.0351778492	-0.1224529328	-0.1210377253	0.056126191500000006	-0.0336331299	0.0323469582	0.10661893060000001	-0.0168464147	-0.026965572599999998	0.06489807639999999	-0.1376291472	-0.0278090738	-0.1098886976	0.004643196699999999	-0.06242065860000001	0.1336710921	0.0619915759	-0.0268062841	0.026643248199999997	-0.07218453650000001	0.04219099019999999	0.0302967034	0.014261204599999999	-0.1553472693	0.07910433809999999	0.014723199099999999	0.0567426436	-0.0598089292	0.0762594899	-0.1156694524	-0.023639451000000002	-0.0042090009999999995	0.04579706	0.1554880017	-0.0904351647	-0.1567216417	-0.1510335043	-0.0004639916	0.0998505936	-0.0529836957	0.0347425658	-0.11782388710000001	-0.0814191656	-0.1107544683	-0.0367373133	0.0768774792	-0.2383449203	-0.0383996427	-0.117876425	0.0324593241	-0.0810186689	-0.07965513219999999	0.0737605303	-0.0169654988	0.1250629651	-0.0160910105	0.0785013623	-0.018205137	-0.07812086160000001	0.0080034125	0.0655420888	0.0077946064	0.1523971413	0.0687580829	-0.0647972295	0.0796976792	-0.0982923297	0.0290813333	0.0682319262	0.15182330859999998	-0.0290499939	-0.07466946049999999	0.0757748583	0.0272528867	-0.09282851630000001	0.030835116099999997	0.0735332567	-0.07684899419999999	-0.025444536	-0.00397312	0.13126388	1.57856825344e-05	0.0172302061926544	-0.15897	-0.2378411	0.056568388849210005	0.025271460899999997	0.24621	0.555422	0.30849359808399995	0.06061936409999999	-0.00554415	-0.006414304	3.07375992225e-05	4.1143295804416e-05	0.0005595730000000001	0.0008022989999999999	6.43683685401e-07	3.1312194232900013e-07	-0.00226095	0.0008727500000000003	5.111894902499998e-06	7.616925625000004e-07	0.0	0.0	0.0	0.0	0.0	0.0	0.0	0.0	0.0	0.0	0.0	0.0	0.0	0.0	0.0	0.0	0.0	0.0	0.0	0.0	0.0	0.0	0.0	0.0	0.0	0.0	0.0	0.0	0.0	0.0	0.0	0.0	0.0	0.0	0.0	0.0	0.0	0.0	0.0	0.0	0.0	0.0	0.0	0.0	1.0	0.0	0.0	0.0	0.0	0.0	0.0	0.0	0.0	0.0	0.0	0.0	0.0	0.0	0.0	0.0	0.0	0.0	0.0	0.0	0.0	0.0	0.0	0.0	0.0	0.0	0.0	0.0	0.0	0.0	0.0	0.0	0.0	0.0	0.0	0.0	0.0	0.0	0.0	0.0	0.0	0.0	0.0	0.0	0.0
326.1415992052805	-6.11923810610125	106368.34273217783	37.44507499916161	235.91569561805835	-1.7952203063597665	55656.215438952364	3.2228159483664536	226.09520752123055	-2.3323287655834406	5.439757470767976	51119.04286406831	2.0546580000000003	96.022636	2.94802152	-0.0533326626	-0.0980948356	-0.1268566386	0.22936509149999998	-0.0039952889	0.013952314399999999	0.3444805465	-0.1598055826	0.0782150475	0.1061504033	0.09289812230000001	-0.0833496734	0.062989738	0.1168495182	0.0634155846	-0.2673243113	-0.021948640499999998	-0.1260448276	0.2569579355	-0.0510811419	0.0920344039	0.0126277445	-0.2364623898	-0.07849240910000001	0.20194100620000002	-0.060498092300000014	-0.1090850817	0.0331509898	-0.0948146087	-0.007858404	-0.0984601526	-0.0087774985	-0.0729231566	-0.0080106422	0.07728507700000001	0.12156965019999999	-0.0694081905	-0.108285235	-0.0036596114000000003	-0.0635522538	0.055671257800000006	0.055025802900000004	-0.053842306900000005	0.1461954491	0.020651183899999998	0.0241828625	-0.0630842575	-0.0634853733	0.0901301901	0.1752099261	-0.0988123184	-0.0225387847	0.18221706440000002	0.0136328911	-0.0776107607	-0.34605955369999997	-0.06710568389999999	0.1487352681	0.0550305223	0.06837303110000001	0.016412644	-0.1455033608	-0.1662047622	-0.17848740850000006	0.08260052450000001	0.23312934100000002	0.1962640743	0.0092132964	0.09252997130000001	-0.1432673866	-0.016062364	-0.010792558300000001	-0.240628497	-0.0671718372	0.0378145739	0.0820130255	0.047694920300000006	-0.0576160558	-0.0828874072	0.1190399008	0.1361624372	-0.0174802151	-0.050591471500000006	0.0564274605	-0.0029245642	0.1096734971	-0.027547117799999996	0.0630049845	-0.070531046	-0.0034979533000000004	0.06442500429999999	0.015095157	-0.0538361907	0.0455060607	-0.0517818284	0.07776809900000001	0.0084859863	-0.008037124100000001	-0.004686904	0.053740282800000004	-0.15376136810000002	-0.015321723700000001	0.046284453600000004	-0.030241452599999996	-0.07314775700000001	0.0778914249	0.0224076607	-0.0924882418	0.0378411062	0.06783775709999999	-0.0820320339	-0.014400381799999999	0.130914	0.13488712	0.017138475396	0.0181945351418944	-0.307782	-0.148812	0.022145011343999998	0.094729759524	1.50617	1.25996	1.5874992016	2.2685480689	-0.0293638	-0.02381965	0.0008622327504400001	0.0005673757261224999	-0.00111526	-0.001674833	2.8050655778890005e-06	1.2438048676000005e-06	0.000331815	0.002592765	1.10101194225e-07	6.722430345225e-06	0.0	0.0	0.0	0.0	0.0	0.0	0.0	0.0	0.0	0.0	0.0	0.0	0.0	0.0	0.0	0.0	0.0	0.0	0.0	0.0	0.0	0.0	0.0	0.0	0.0	0.0	0.0	0.0	0.0	0.0	0.0	0.0	0.0	0.0	0.0	0.0	0.0	0.0	0.0	0.0	0.0	0.0	0.0	0.0	0.0	1.0	0.0	0.0	0.0	0.0	0.0	0.0	0.0	0.0	0.0	0.0	0.0	0.0	0.0	0.0	0.0	0.0	0.0	0.0	0.0	0.0	0.0	0.0	0.0	0.0	0.0	0.0	0.0	0.0	0.0	0.0	0.0	0.0	0.0	0.0	0.0	0.0	0.0	0.0	0.0	0.0	0.0	0.0	0.0
334.20801160041117	8.06641239513067	111694.99501790057	65.0670089283177	239.43061816623046	3.514922548172109	57327.020915463254	12.354680519648713	232.54252205683585	6.447314535605301	41.5678647210274	54076.02456455398	1.991952	93.092148	2.45469248	-0.10701877900000001	-0.0851548896	0.0155511824	0.1765477386	-0.1748635893	0.12599219679999998	0.1630838246	-0.1565562165	0.0823266772	0.0755206631	0.09456687849999999	0.0363103041	0.0085465248	-0.1223022076	0.1807239957	0.2644672709	0.20777593219999999	0.1325351353	-0.17105938489999994	-0.0464026307	-0.108865277	-0.0347251181	0.27232191440000003	-0.0542743674	-0.14281418640000001	-0.15254594800000001	-0.0067360129	0.0184712469	-0.032855790499999996	-0.1229608873	-0.015368113899999999	0.028115844700000003	0.06650583389999999	-0.03646081	0.0463377305	0.0187976506	-0.0168010665	-0.1527455357	0.1545073002	0.1151480341	-0.0240823746	0.09229102019999999	-0.1002897035	0.0319375047	-0.0904558067	-0.0752329457	-0.0237409594	0.0298407831	0.0932282154	0.0594560888	-0.1245570624	0.07054171320000001	0.22563661440000002	0.1825300379	-0.165787385	-0.2110271006	0.0170949509	0.1019616431	0.08825257939999999	0.0506836166	-0.0292996381	-0.0246555105	0.1829497187	0.2039843439	0.1610768857	-0.2088470686	-0.1264217742	-0.0050985092	0.035405859	0.0858045917	-0.0241846833	0.181395683	0.20386295629999998	-0.0013853594	0.061591073600000004	-0.169826337	0.022202031400000002	-0.0912462022	-0.0813200778	0.0493412918	-0.0963138559	0.0463115044	0.0488083255	-0.0206092335	0.136325878	-0.0319609357	-0.0098404307	0.0651485579	0.0238018534	0.06287631190000001	0.0753902988	-0.0760806839	-0.0042282289	-0.0087166694	0.0273482223	-0.026376259	0.0353598227	-0.0464328683	0.028787987999999997	0.0003997375	-0.0029912334000000004	-0.032286253	0.0428697487	-0.0314273661	-0.071572405	0.079879464	0.0174967091	-0.0917241444	0.0445974349	0.061533189	-0.0862533231	-0.0031426060999999996	-0.0409208	-0.17183479999999998	0.00167451187264	0.029527198491040005	-1.0890799999999998	-0.7812979999999998	0.6104265648039997	1.1860952463999996	0.8013329999999999	-0.7048370000000002	0.4967951965690002	0.6421345768889998	-0.016949799999999998	0.012414	0.00028729572003999987	0.00015410739600000002	-7.54914e-05	0.0010397686	1.0811187415459604e-06	5.69895147396e-09	-0.00214887	-0.0024806850000000003	4.6176422769000006e-06	6.1537980692250015e-06	0.0	0.0	0.0	0.0	0.0	0.0	0.0	0.0	0.0	0.0	0.0	0.0	0.0	0.0	0.0	0.0	0.0	0.0	0.0	0.0	0.0	0.0	0.0	0.0	0.0	0.0	0.0	0.0	0.0	0.0	0.0	0.0	0.0	0.0	0.0	0.0	0.0	0.0	0.0	0.0	0.0	0.0	0.0	0.0	0.0	0.0	1.0	0.0	0.0	0.0	0.0	0.0	0.0	0.0	0.0	0.0	0.0	0.0	0.0	0.0	0.0	0.0	0.0	0.0	0.0	0.0	0.0	0.0	0.0	0.0	0.0	0.0	0.0	0.0	0.0	0.0	0.0	0.0	0.0	0.0	0.0	0.0	0.0	0.0	0.0	0.0	0.0	0.0	0.0
330.68875892959056	-3.5192526708206064	109355.05528239287	12.385139361077966	239.208330418828	-0.2222877474024472	57220.6253417632	0.04941184264525416	229.1486751495221	-3.3938469073137583	11.518196830283161	52509.1153227812	1.56702	73.233337	0.6902263700000001	-0.12110307869999999	-0.03268047	0.021608921899999998	0.183553007	-0.135509445	0.09573030269999999	0.1099790115	-0.0925039475	0.1290948916	-0.1010249596	0.1134456843	0.0575322042	-0.2058208382	0.027916604700000004	-0.0384457049	0.0635738515	0.144602821	-0.1448432915	-0.13443252990000001	0.0665640087	0.044206964	0.0469602456	0.10802996699999999	-0.0254624549	-0.0370280061	-0.0825054446	0.08802625210000001	-0.1193950973	-0.010502581	0.1003759945	-0.013924809299999999	0.0284200025	-0.0299776224	0.0551702265	0.0298773553	-0.10694108949999999	0.0875933432	0.0581582224	-0.0210411158	-0.0415686453	-0.0407380459	0.0197649579	0.0189641753	0.10139173189999999	0.0715686718	0.0351486993	-0.12939618890000001	0.062104500199999996	0.044264785300000005	0.09939999050000001	-0.0944450149	0.13893076869999998	0.1278484399	0.1535220764	-0.1207854106	-0.1495259488	0.0286036712	-0.05277944	0.0622166188	0.14497901359999998	-0.082559338	0.1880676917	-0.016357775800000002	0.1472788189	0.0564340819	-0.1597298497	0.103342995	-0.0182745927	-0.1115012741	-0.0541877013	0.0062704131	0.0928411521	-0.0087233863	-0.0263519477	-0.1170071607	-0.049792731500000006	-0.0701693851	0.0275829077	0.0191297773	-0.0743134936	-0.0471869984	0.0691258716	0.0539497226	0.1116261372	-0.0763224011	0.0015734113000000001	-0.0186302699	-0.034589072400000004	-0.0094627338	-0.0462713518	0.0159436069	0.009314263	0.022422169199999998	0.09271316880000001	-0.0467236674	-0.0593589745	0.0095901095	0.1004489989	-0.0223692365	0.0047151729	-0.0389462574	-0.0079460768	-0.0755654818	-0.0326075169	-0.0699445598	0.08173569509999999	0.012534436599999999	-0.0905397255	0.051059526699999996	0.0546761568	-0.08946337089999999	0.0081617885	-0.017724900000000002	0.023195900000000002	0.00031417208001000013	0.00053804977681	-0.606975	0.4821049999999998	0.2324252310249998	0.3684186506250001	0.7359640000000001	-0.06536899999999979	0.0042731061609999725	0.5416430092960001	-0.0154612	0.0014885999999999981	0.00023904870544	2.2159299599999937e-06	0.000105258	0.0001807494	3.2670345600359994e-08	1.1079246563999995e-08	-0.0014270900000000006	0.0007217799999999996	2.0365858681000017e-06	5.209663683999993e-07	0.0	0.0	0.0	0.0	0.0	0.0	0.0	0.0	0.0	0.0	0.0	0.0	0.0	0.0	0.0	0.0	0.0	0.0	0.0	0.0	0.0	0.0	0.0	0.0	0.0	0.0	0.0	0.0	0.0	0.0	0.0	0.0	0.0	0.0	0.0	0.0	0.0	0.0	0.0	0.0	0.0	0.0	0.0	0.0	0.0	0.0	0.0	1.0	0.0	0.0	0.0	0.0	0.0	0.0	0.0	0.0	0.0	0.0	0.0	0.0	0.0	0.0	0.0	0.0	0.0	0.0	0.0	0.0	0.0	0.0	0.0	0.0	0.0	0.0	0.0	0.0	0.0	0.0	0.0	0.0	0.0	0.0	0.0	0.0	0.0	0.0	0.0	0.0	0.0
335.3640032429608	4.675244313370229	112469.01467114461	21.857909389700662	237.43540573475318	-1.7729246840748374	56375.57189642687	3.1432619354018616	227.3100819566656	-1.8385931928564787	3.3804249288181807	51669.87335914603	1.822798	85.186874	3.0890263	0.0797676373	0.0681795689	0.07370885349999999	-0.0894737011	0.08679942689999999	0.040865049199999996	-0.1087062616	-0.040047831400000004	0.2399588375	0.117771655	-0.0176919497	-0.0387408951	-0.2258591214	0.1217315672	-0.09993350869999999	0.054648713499999994	0.044193928	0.0710933468	0.11865452359999999	-0.1288218842	0.0096985901	0.010426707700000001	0.0633686116	0.0781735008	0.0856332883	0.1622553168	0.0047369353999999995	0.1155391259	-0.06830352719999999	0.0212494998	-0.10557116789999996	0.0767351908	0.0046520694	-0.0349063546	-0.054363286100000005	0.1113253596	0.0178885125	-0.0153205671	-0.0745262246	0.149193084	0.0415870792	0.1261409409	-0.026812744500000003	-0.0905145157	0.09811124789999999	0.0323033049	0.0431231996	0.07367869999999999	-0.1671079681	-0.09860193119999999	-0.058173435499999995	-0.0426183053	0.0607294025	-0.083057929	-0.0410975161	-0.0343820247	0.0394825494	-0.2144693656	0.26272518359999997	-0.12254696890000001	0.0572032038	0.1536825542	-0.08064372139999999	-0.039845393	0.1132336835	-0.007035835799999999	-0.005744776899999999	-0.0909727265	0.050972474000000004	0.1498957268	0.0182247938	-0.1099424049	0.033902253199999996	0.0974072443	0.10600518210000001	0.11582137029999999	0.011933591799999999	-0.06416063820000001	0.0086642613	-0.0182144571	-0.0096430312	0.0743131066	-0.0866635248	-0.0058252207	0.0128055699	0.0940652692	-0.042507210700000006	0.0348893198	-0.038774437099999996	0.1085468332	0.0550047404	0.046801486100000005	0.014105479399999999	0.0197731986	-0.0117643108	0.0666408836	0.0109093866	0.0747476557	0.0650883731	0.05684780530000001	-0.0584440609	-0.0356912745	0.092814054	-0.0337816886	-0.0682654153	0.08345705519999999	0.0075353985	-0.0889404128	0.0571847471	0.047328225099999996	-0.09162454240000001	0.0193451075	-0.126539	-0.1088141	0.016012118521000002	0.011840508358810002	0.274136	0.8811110000000001	0.776356594321	0.07515054649599999	-0.308531	-1.0444950000000002	1.090969805025	0.095191377961	0.00314951	0.01861071	9.9194132401e-06	0.0003463585267041	0.000925242	0.000819984	6.723737602559999e-07	8.560727585639999e-07	-0.00308852	-0.0016614299999999991	9.5389557904e-06	2.7603496448999972e-06	0.0	0.0	0.0	0.0	0.0	0.0	0.0	0.0	0.0	0.0	0.0	0.0	0.0	0.0	0.0	0.0	0.0	0.0	0.0	0.0	0.0	0.0	0.0	0.0	0.0	0.0	0.0	0.0	0.0	0.0	0.0	0.0	0.0	0.0	0.0	0.0	0.0	0.0	0.0	0.0	0.0	0.0	0.0	0.0	0.0	0.0	0.0	0.0	1.0	0.0	0.0	0.0	0.0	0.0	0.0	0.0	0.0	0.0	0.0	0.0	0.0	0.0	0.0	0.0	0.0	0.0	0.0	0.0	0.0	0.0	0.0	0.0	0.0	0.0	0.0	0.0	0.0	0.0	0.0	0.0	0.0	0.0	0.0	0.0	0.0	0.0	0.0	0.0	0.0
337.6614656747949	2.2974624318341057	114015.26540165069	5.278333625689083	238.7143270629784	1.2789213282251808	56984.5299451306	1.6356397637892606	228.56450890402942	1.254426947363811	1.5735869662724895	52241.73473054015	1.511132	70.62146	0.4581814	0.1376592938	0.0079875799	0.0305805874	-0.0787221325	0.07565713019999999	0.0237840669	-0.0985986108	-0.0574202804	-0.0542710486	0.1300255141	0.0360205427	-0.16128803220000001	-0.19201114100000002	-0.1077342224	0.0016567428	0.0105480166	-0.004320904600000001	-0.054391792599999995	-0.0280865886	0.1552879342	0.0097079199	0.09515576740000001	-0.011253924299999999	0.0138947797	-0.0749956663	0.0187007828	-0.0802293155	0.046296451399999994	-0.0836240424	-0.029568476	-0.0300409412	-0.0048980133	-0.0972004125	-0.046927414699999996	0.019641773300000002	-0.0729763675	0.1100710401	-0.037501737	0.0050189781	-0.0605348875	0.0596003483	-0.0348125569	-0.0005270518	-0.1090028425	-0.1210197251	0.0909890416	-0.0757829651	-0.0643767086	-0.06939175110000001	-0.1252968448	0.0270138485	-0.0076903641	-0.027011006299999998	-0.0779399626	0.0006075311000000001	0.0630614668	0.1020772809	0.053234407000000004	0.1593368104	0.0562841863	0.23101695460000002	0.0410425911	0.0429479465	0.009262608299999999	-0.0333517802	0.011978615	0.10322470710000001	-0.023283596299999997	-0.1467003673	0.0552176871	-0.11510695359999999	-0.0037692290000000002	0.006031041700000001	-0.011973827900000001	-0.0308349398	0.0521970991	0.0028421043	-0.0663316781	-0.08368652780000001	-0.037410692200000005	0.06374523650000001	0.0451359146	0.1040835218	-0.0615364796	-0.033238413599999996	-0.07998550360000001	0.029932230499999997	0.0977098003	0.0613886266	0.0714735058	-0.0557892004	0.0450351079	-0.030603961699999998	0.01780404	0.022565108900000002	-0.1422824323	0.035371423900000004	-0.0588451972	-0.061091855	0.0012750892	-0.0304026514	-0.0092618849	-0.0684738553	-0.034949665899999996	-0.066536203	0.08504070400000001	0.0025142577	-0.0869335349	0.0629326842	0.0395553658	-0.0927115	0.030241452599999996	-0.130896	-0.004357	0.017133762816000004	1.8983449e-05	0.299324	0.025187999999999988	0.0006344353439999994	0.08959485697599999	-0.451534	-0.143003	0.020449858009	0.203882953156	0.00721831	0.004068800000000001	5.21039992561e-05	1.6555133440000006e-05	0.00214122	0.0012159780000000002	1.4786024964840004e-06	4.584823088400002e-06	-0.00351641	-0.0004278900000000002	1.23651392881e-05	1.8308985210000018e-07	0.0	0.0	0.0	0.0	0.0	0.0	0.0	0.0	0.0	0.0	0.0	0.0	0.0	0.0	0.0	0.0	0.0	0.0	0.0	0.0	0.0	0.0	0.0	0.0	0.0	0.0	0.0	0.0	0.0	0.0	0.0	0.0	0.0	0.0	0.0	0.0	0.0	0.0	0.0	0.0	0.0	0.0	0.0	0.0	0.0	0.0	0.0	0.0	0.0	1.0	0.0	0.0	0.0	0.0	0.0	0.0	0.0	0.0	0.0	0.0	0.0	0.0	0.0	0.0	0.0	0.0	0.0	0.0	0.0	0.0	0.0	0.0	0.0	0.0	0.0	0.0	0.0	0.0	0.0	0.0	0.0	0.0	0.0	0.0	0.0	0.0	0.0	0.0	0.0
333.47723319451177	-4.1842324802831286	111207.06505906678	17.507801449056302	237.89571989414304	-0.8186071688353138	56594.373543952555	0.6701176968685679	226.58136491224167	-1.9831439917877558	3.932860092163875	51339.11492549442	1.286255	60.112026	0.7056485	0.0368500994	0.0094538698	-0.0198476606	-0.009282809	0.0529836341	-0.0110801976	-0.0319496704	-0.0181522237	-0.0283537515	-0.0615126384	-0.0198530649	-0.12198661570000001	-0.0308488427	-0.0680950687	0.0552207292	-0.011637281499999999	-0.1598977225	-0.0394397939	-0.0005689806	-0.1295424012	-0.0701908456	0.0367439855	0.0192808392	0.0501429642	-0.0793880695	-0.0552957626	0.0027664955	0.0533559364	0.0184026402	0.0580946637	-0.016601036200000002	-0.0504339898	0.0145972573	0.020040783200000002	0.0024017663	-0.0058673495	-0.0027149584999999997	0.0049199892	-0.061368925899999996	0.060286215199999986	0.037149094300000005	-0.0634046624	-0.0270111767	-0.028522953900000002	0.0567006876	0.006925713000000001	-0.12294024320000001	-0.0297206083	-0.017369414399999998	0.0024748917999999997	0.0675507553	-0.0200361382	-0.1315530743	-0.0502610221	0.0080061235	0.0129375183	0.0433626957	-0.0452601655	-0.042406473300000004	0.0290807329	0.1392441991	-0.0300619148	0.0392327361	0.025498305699999998	-0.1049377557	0.0880424721	0.0008442167	0.07928070849999999	0.0909979784	0.055021939900000004	-0.034727730899999996	0.0044585134	0.0959607197	-0.07377395440000001	-0.0083747819	0.031876345099999995	-0.0890654832	-0.0216068692	0.0112812775	0.061993386	0.0257364666	0.036127834	-0.016190958999999998	-0.05332997440000002	-0.0465775331	0.0621243902	-0.0038142365999999997	0.073386277	0.044145794	-0.0036842621000000002	-0.0205557589	-0.0863516759	0.0559306012	0.0301796692	0.0718486513	0.0105734754	-0.0196080576	-0.003852654	0.0983686799	-0.042038007800000006	-0.0120039946	-0.012812882	0.0318327137	-0.0361112347	-0.0647581913	0.0864840284	-0.0025142577	-0.0845282884	0.0682654153	0.0314273661	-0.0927115	0.0406891827	-0.115502	0.015394000000000019	0.013340712004	0.00023697523600000055	-0.11813100000000006	-0.417455	0.174268677025	0.013954933161000013	-0.26709	0.184444	0.034019589136	0.0713370681	0.00642982	-0.0007884900000000003	4.13425852324e-05	6.217164801000003e-07	0.00255606	0.00041484000000000014	1.7209222560000008e-07	6.533442723600002e-06	-0.00295263	0.0005637800000000003	8.718023916899999e-06	3.178478884000003e-07	0.0	0.0	0.0	0.0	0.0	0.0	0.0	0.0	0.0	0.0	0.0	0.0	0.0	0.0	0.0	0.0	0.0	0.0	0.0	0.0	0.0	0.0	0.0	0.0	0.0	0.0	0.0	0.0	0.0	0.0	0.0	0.0	0.0	0.0	0.0	0.0	0.0	0.0	0.0	0.0	0.0	0.0	0.0	0.0	0.0	0.0	0.0	0.0	0.0	0.0	1.0	0.0	0.0	0.0	0.0	0.0	0.0	0.0	0.0	0.0	0.0	0.0	0.0	0.0	0.0	0.0	0.0	0.0	0.0	0.0	0.0	0.0	0.0	0.0	0.0	0.0	0.0	0.0	0.0	0.0	0.0	0.0	0.0	0.0	0.0	0.0	0.0	0.0	0.0
337.7653697501027	4.288136555590937	114085.4450024236	18.38811511939532	237.7469054628597	-0.14881443128334124	56523.59105716595	0.0221457349581843	227.73319403780442	1.151829125562756	1.3267103344946631	51862.407666660285	1.188877	55.561108	0.6527056999999999	0.1062583349	0.0077837611	0.0382275346	0.0170249525	0.09813188519999999	0.0514148468	-0.0449493158	-0.0517705397	-0.0270290772	-0.0117716939	0.0322509696	-0.1023746087	0.068740848	0.002673968	-0.0442151076	0.0421366968	-0.05966424980000001	-0.0718361619	-0.1351216192	0.0314964052	0.0189414748	0.0299425384	-0.0862752974	-0.1574241868	0.0039596828	0.0312588568	0.0358628207	-0.0033030867	0.0329052842	0.012000988899999999	0.0990880518	0.0072039638	0.0750898053	-0.0149636251	0.015382313100000001	-0.0355197103	0.0686712865	0.0550846398	0.0645559342	-0.0323810995	-0.024193991	-0.0803180694	0.0723343074	-0.0547517874	0.0180294769	-0.0352149606	0.1410563117	-0.0364254807	-0.04455219690000002	-0.0789952367	0.0769118612	0.0455990175	-0.0014452673000000002	-0.1045747609	-0.0474347572	0.0052760498	0.0538910037	-0.005816646700000001	-0.0045919031	0.0606487246	0.0428613367	-0.055946626	0.0154007348	0.0189974229	-0.1635376383	-0.08450558109999999	-0.0163174652	0.0812620421	0.005398379	-0.0991316637	-0.07170602969999999	-0.032150617799999996	-0.0596683626	0.0536694895	0.0478964486	-0.0670632167	-0.0420971722	0.04765612650000002	0.030735316699999998	-0.12826373789999998	-0.15231648890000002	-0.0754052809	0.023417620400000002	0.0209245078	-0.0524596034	0.0331365148	0.0217254991	-0.0366092631	0.055944463099999994	-0.0303544334	-0.0794525929	0.025698758500000002	-0.0575863456	-0.0680857607	-0.0404510069	-0.0385219977	0.0418507619	0.1409524443	-0.0859504986	-0.0009084312	0.1375291598	0.0783106435	0.10015186109999999	-0.0372661819	-0.0629326842	0.0877846467	-0.0075353985	-0.08173569509999999	0.07314775700000001	0.0230172018	-0.09162454240000001	0.050533311500000004	-0.15821400000000002	-0.042712000000000035	0.02503166979600001	0.0018243149440000024	-0.09379680000000004	0.024334200000000014	0.0005921532896400008	0.008797839690240008	-0.5024109999999999	-0.23532099999999995	0.055375973040999976	0.25241681292099993	0.0113844	0.004954579999999999	0.00012960456336	2.4547862976399993e-05	0.0035479	0.00099184	9.837465856e-07	1.258759441e-05	-0.00401298	-0.0010603500000000005	1.61040084804e-05	1.1243421225000005e-06	0.0	0.0	0.0	0.0	0.0	0.0	0.0	0.0	0.0	0.0	0.0	0.0	0.0	0.0	0.0	0.0	0.0	0.0	0.0	0.0	0.0	0.0	0.0	0.0	0.0	0.0	0.0	0.0	0.0	0.0	0.0	0.0	0.0	0.0	0.0	0.0	0.0	0.0	0.0	0.0	0.0	0.0	0.0	0.0	0.0	0.0	0.0	0.0	0.0	0.0	0.0	1.0	0.0	0.0	0.0	0.0	0.0	0.0	0.0	0.0	0.0	0.0	0.0	0.0	0.0	0.0	0.0	0.0	0.0	0.0	0.0	0.0	0.0	0.0	0.0	0.0	0.0	0.0	0.0	0.0	0.0	0.0	0.0	0.0	0.0	0.0	0.0	0.0	0.0
335.2481186796461	-2.5172510704566093	112391.30107824208	6.336552951714945	237.92574230616177	0.17883684330206506	56608.6588519381	0.031982616522247376	228.95917981877804	1.2259857809736159	1.5030411351494877	52422.306023287536	1.2258190000000002	57.287598	0.9844578000000002	0.0733990848	0.0429633363	-0.0554664967	-0.046468552	0.0667162421	-0.0523902067	-0.0551583871	-0.0183896009	-0.0418986566	-0.0184504113	0.006313384599999999	-0.0326780613	0.0116783202	-0.0779090862	0.0025967735	0.0396549833	-0.034486595	-0.0091213592	0.0136795299	-0.0682523646	0.0226673181	-0.1290083793	0.009708810200000001	0.0358493495	0.006610228100000001	-0.04613925940000002	-0.0262235934	-0.189789615	-0.0026972964	0.049358251500000005	0.014899282600000001	-0.0270702716	0.015312519699999999	-0.0880035067	-0.11101912859999999	0.0217394908	-0.0190574851	-0.0123110934	0.0781276748	0.0056955148	-0.0045110105	0.0170797597	0.0536986259	0.0820678066	0.08917141640000001	-0.1271058003	0.014395573799999999	-0.0397962873	-0.0383672469	-0.0074471153	0.1121142003	-0.053021949000000006	-0.06548958519999999	-0.0668183585	0.055461102400000004	0.024666515899999998	0.044122309900000004	-0.0078095245999999984	-0.0193561517	0.016366414699999998	0.036304642799999995	0.00636843	0.09737981300000001	0.0578275292	-0.0553786053	0.0058725758	-0.0670514095	-0.0045523027	0.09361074679999999	-0.0542405038	0.1436414368	0.0437163896	-0.0697681599	0.020303103500000003	-0.0222542754	-0.0490043212	-0.0725072546	-0.010998385900000001	0.0828296392	0.0224534124	0.0564299528	0.0017298971	0.057374702	0.10800308759999999	0.08848418300000001	-0.0772400372	-0.054432296100000006	-0.0997493398	0.024057826400000003	-0.0153225072	0.0343159414	-0.0775061507	0.04508872110000001	-0.0321775486	0.0235852857	0.0139074083	0.027951247400000004	-0.1407994494	-0.0155049795	0.0872933533	0.0047407433	-0.0635731824	-0.17439136660000001	-0.0384142957	-0.0610610204	0.0889404128	-0.012534436599999999	-0.0785685519	0.0775474976	0.014400381799999999	-0.08946337089999999	0.059627806900000004	-0.162685	-0.004470999999999975	0.026466409225	1.998984099999977e-05	0.041637199999999985	0.13543400000000005	0.01834236835600001	0.0017336564238399994	-0.241098	0.2613129999999999	0.06828448396899996	0.05812824560400001	0.00339589	-0.007988509999999999	1.15320688921e-05	6.381629202009997e-05	0.0008549939999999997	-0.002692906000000001	7.251742724836003e-06	7.310147400359994e-07	-0.0030296	0.0009833800000000005	9.17847616e-06	9.670362244000006e-07	0.0	0.0	0.0	0.0	0.0	0.0	0.0	0.0	0.0	0.0	0.0	0.0	0.0	0.0	0.0	0.0	0.0	0.0	0.0	0.0	0.0	0.0	0.0	0.0	0.0	0.0	0.0	0.0	0.0	0.0	0.0	0.0	0.0	0.0	0.0	0.0	0.0	0.0	0.0	0.0	0.0	0.0	0.0	0.0	0.0	0.0	0.0	0.0	0.0	0.0	0.0	0.0	1.0	0.0	0.0	0.0	0.0	0.0	0.0	0.0	0.0	0.0	0.0	0.0	0.0	0.0	0.0	0.0	0.0	0.0	0.0	0.0	0.0	0.0	0.0	0.0	0.0	0.0	0.0	0.0	0.0	0.0	0.0	0.0	0.0	0.0	0.0	0.0	0.0
338.20055627258074	2.952437592934644	114379.61626308305	8.716887740173709	238.27028241632286	0.3445401101610912	56772.72748275425	0.11870788750981688	229.91175929984797	0.9525794810699324	0.9074076677554616	52859.41706435123	0.993159	46.414421	0.31218270000000004	0.0053864879000000004	-0.0309693324	0.0208081882	-0.0737573436	0.021960201800000002	0.004686397100000001	-0.0267794575	0.052080071299999996	-0.035126545499999995	0.0592363317	-0.0789304828	-0.0219048125	0.06116144480000001	-0.0053953045	0.0870023866	0.0495059237	-0.0399876952	-0.0628450626	-0.0479193433	0.0211876256	0.0040399706	0.0062256691	-0.0071394105	-0.044975726699999996	0.0145614118	0.0025363998000000002	0.050867576100000006	-0.0036519451000000002	-0.1306463091	0.033682300400000004	-0.11715261880000001	4.58667e-05	0.052583503899999995	-0.0454988282	-0.0408842352	-0.0026240328000000004	0.0519951861	0.1165287208	0.059515584	0.0450509571	0.0034392105	0.0332585912	0.0529446475	0.023512759900000003	-0.0926378156	0.1169059324	0.064335817	-0.018264873	0.0209277624	-0.0725643524	-0.020565259199999998	-0.0342103824	-0.060998059699999996	-0.029364614700000007	0.0017181006	0.060070639400000014	-0.0204220837	0.0239237441	-0.020182358799999998	-0.08473869099999999	0.0331886557	-0.0921447269	0.0096854165	0.0819948638	-0.026355357200000002	-0.0374731355	0.0469035839	0.0388663555	-0.0503477179	-0.0436837853	-0.06980723280000001	0.0479896883	-0.0361761476	0.1154488359	-0.011312915	0.0331946879	-0.08141610839999999	-0.0903904411	0.0196070995	0.014804851	-0.0939540833	0.10410634960000001	-0.1084416973	0.1643681728	0.0524681745	-0.0537695542	0.09091224949999999	-0.0039456008	-0.0316816945	0.0352259728	-0.11204472369999999	0.024459340299999997	-0.023210778799999998	0.00464682	0.0262457739	-0.029856612	-0.0309496158	-0.029637377799999996	0.07605196389999999	0.0185703235	-0.0276095019	-0.0139873827	0.0250190477	-0.0395553658	-0.0591445729	0.08994941960000001	-0.0174967091	-0.0750413721	0.0814356093	0.0056542708	-0.0862533231	0.06783775709999999	-0.184108	-0.021423	0.033895755664	0.0004589449289999999	-0.0687977	-0.11043489999999999	0.01219586713801	0.00473312352529	-0.264263	-0.02316500000000002	0.0005366172250000009	0.06983493316900001	0.00465206	0.0012561700000000007	2.1641662243600007e-05	1.5779630689000013e-06	0.00192308	0.0010680860000000002	1.1408077033960004e-06	3.6982366864e-06	-0.00384854	-0.0008189400000000003	1.48112601316e-05	6.706627236000003e-07	0.0	0.0	0.0	0.0	0.0	0.0	0.0	0.0	0.0	0.0	0.0	0.0	0.0	0.0	0.0	0.0	0.0	0.0	0.0	0.0	0.0	0.0	0.0	0.0	0.0	0.0	0.0	0.0	0.0	0.0	0.0	0.0	0.0	0.0	0.0	0.0	0.0	0.0	0.0	0.0	0.0	0.0	0.0	0.0	0.0	0.0	0.0	0.0	0.0	0.0	0.0	0.0	0.0	0.0	0.0	0.0	0.0	0.0	0.0	0.0	0.0	0.0	0.0	0.0	0.0	0.0	0.0	0.0	0.0	0.0	0.0	0.0	0.0	0.0	0.0	0.0	0.0	0.0	0.0	0.0	0.0	0.0	0.0	0.0	0.0	0.0	0.0	0.0	0.0
325.21420907342144	-12.986347199159296	105764.28178325108	168.64521357711251	236.95860579116047	-1.3116766251623917	56149.380858490586	1.7204955689974009	228.61767486199366	-1.294084437854309	1.6746545322967032	52266.04125930425	1.167135	54.545017	0.6232464	0.0011391152	-0.041552349599999996	0.1538453515	0.0656271711	0.0665744417	0.0872611974	0.07334128940000001	0.1537058378	0.056492654800000014	-0.04808982690000002	-0.0510688193	0.1203281841	0.019975326	-0.12080291160000001	-0.0059129725	-0.0522483694	-0.0311261734	-0.0274988642	0.1194120494	-0.054682804	-0.0460686458	0.10280569	-0.069125045	-0.012684046499999999	-0.1412848097	0.09991759480000001	-0.046881405599999995	-0.0759878712	-0.0493260259	-0.0226037424	0.10961314550000001	-0.1067992615	0.0851691716	0.04946651480000002	0.029533956299999997	-0.0448666135	-0.0523216189	-0.015417704099999999	-0.06688484480000001	0.12001856039999999	0.0673140966	-0.0115538709	0.0898707793	0.0401309257	-0.0778433841	0.0336515623	-0.013848416100000002	-0.0129172698	-0.10733598609999999	0.0689079988	-0.1405798898	0.12030274490000001	-0.0659668451	-0.0557320632	-0.09599089820000001	0.0268721344	-0.13596030779999999	-0.0223057631	-0.08285016049999999	-0.0921152218	-0.0698718179	0.046157673200000006	0.10360539460000001	-0.081640835	0.0290856016	0.092771895	0.0755750603	0.0205308545	0.0388884872	0.044978118600000006	-0.19118692469999998	-0.1085897933	-0.0073746776	0.0382436903	-0.0424744933	-0.04455012	0.0440177505	0.08837866539999999	-0.04891993360000002	0.0505903813	-0.0486414895	-0.0709353471	-0.032868321299999996	-0.0982805336	0.11018022300000001	0.0013170394	0.0616986846	-0.19568548649999998	0.024369214500000003	0.0207444822	-0.008273740699999999	-0.004265260900000001	-0.0228819138	0.0720048732	0.0828673533	0.06237948	-0.0256855679	0.0087580466	-0.0782688333	-0.08527152710000001	-0.0645199927	-0.1081416611	0.0665084193	-0.0406891827	-0.0571847471	0.09081000199999999	-0.0224076607	-0.0711703189	0.08478643960000001	-0.0031426060999999996	-0.0820320339	0.0750413721	-0.09630540000000004	0.08780259999999995	0.009274730069160008	0.0077092965667599905	-0.20720500000000006	-0.13840729999999998	0.019156580693290005	0.04293391202500002	-0.016237	0.248026	0.061516896676000014	0.0002636401690000001	0.0026594	-0.0019926600000000003	7.072408360000002e-06	3.9706938756000016e-06	0.00229717	0.00037408999999999983	1.399433280999999e-07	5.2769900088999986e-06	-0.00323508	0.0006134600000000001	1.04657426064e-05	3.7633317160000023e-07	0.0	0.0	0.0	0.0	0.0	0.0	0.0	0.0	0.0	0.0	0.0	0.0	0.0	0.0	0.0	0.0	0.0	0.0	0.0	0.0	0.0	0.0	0.0	0.0	0.0	0.0	0.0	0.0	0.0	0.0	0.0	0.0	0.0	0.0	0.0	0.0	0.0	0.0	0.0	0.0	0.0	0.0	0.0	0.0	0.0	0.0	0.0	0.0	0.0	0.0	0.0	0.0	0.0	1.0	0.0	0.0	0.0	0.0	0.0	0.0	0.0	0.0	0.0	0.0	0.0	0.0	0.0	0.0	0.0	0.0	0.0	0.0	0.0	0.0	0.0	0.0	0.0	0.0	0.0	0.0	0.0	0.0	0.0	0.0	0.0	0.0	0.0	0.0	0.0
338.75203507131624	13.5378259978948	114752.94126495828	183.27273274927632	238.8811510092644	1.9225452181039488	57064.20430751098	3.69618011565436	231.56478416255302	2.9471093005593616	8.685453229443489	53622.24926424977	1.452271	67.870598	0.4923485	-0.16228567630000001	0.14367668849999998	0.08474940339999999	0.0048014115	-0.0917843268	-0.055105019000000005	-0.0311082948	0.0895901639	0.0749156041	0.0090244417	0.10920700970000001	0.04275573480000002	0.0687340977	-0.0324788751	-0.0030536488000000002	-0.1806959715	-0.09219307410000001	0.000241103	-0.0318074096	0.0773126854	0.0677417491	-0.06545145200000001	0.156924436	-0.0751282799	0.0056679629	0.1503700637	-0.0060975644999999995	-0.022111561499999998	0.1165968619	0.0696853063	0.0611120727	0.049741578	-0.050517142800000005	0.09620532710000004	-0.0296333453	-0.08514413779999999	0.0265687661	0.030088075899999997	-0.08180395110000001	-0.0064897492000000005	0.059187621100000004	0.0317164791	-0.1432240198	0.0508512215	-0.08886625150000001	0.1232965692	-0.019478304199999998	0.19119637920000002	0.0433841189	0.0644120512	0.0164795438	0.0777159944	-0.0275608172	0.08093374190000001	0.0691747273	0.022625367900000002	-0.0913728384	-0.030891285600000002	0.0308648418	0.048548334900000004	-0.0668705376	-0.005949729	-0.0011855771	-0.0284074445	0.0352923826	0.10526602019999999	0.0131488974	0.0669557024	-0.0845015241	0.0174318745	0.0540421259	0.1192588545	0.063005436	0.0007112202	-0.0291661943	-0.036498120499999995	0.0639331553	0.1550428508	0.0732900059	0.000306681	-0.0407412456	0.0188565935	-0.1228443631	-0.1700818721	-0.1703207852	-0.1023409693	-0.047795131799999994	-0.0700707731	-0.0111014228	-0.0449555968	-0.0656202622	0.0315590235	-0.073739983	0.0107678882	-0.0857813745	-0.023165727999999997	-0.009039918000000001	0.0349336803	0.066753718	-0.0332527116	-0.113594456	-0.0308181392	-0.032771969500000005	-0.0418155387	-0.0551829804	0.09152074019999999	-0.0272528867	-0.06697313120000001	0.08757788119999999	-0.0119112676	-0.07684899419999999	0.0811317903	-0.0348637	0.06144170000000005	0.0012154775776899998	0.0037750824988900047	-0.0921001	0.11510490000000002	0.013249138004010005	0.008482428420010001	0.121345	0.13758199999999998	0.018928806724	0.014724609025000003	0.000489662	-0.002169738	2.39768874244e-07	4.707762988644e-06	0.0020546	-0.00024257000000000008	5.8840204900000057e-08	4.2213811599999985e-06	-0.00208299	0.00115209	4.338847340099998e-06	1.3273113681000004e-06	0.0	0.0	0.0	0.0	0.0	0.0	0.0	0.0	0.0	0.0	0.0	0.0	0.0	0.0	0.0	0.0	0.0	0.0	0.0	0.0	0.0	0.0	0.0	0.0	0.0	0.0	0.0	0.0	0.0	0.0	0.0	0.0	0.0	0.0	0.0	0.0	0.0	0.0	0.0	0.0	0.0	0.0	0.0	0.0	0.0	0.0	0.0	0.0	0.0	0.0	0.0	0.0	0.0	0.0	0.0	0.0	0.0	0.0	0.0	0.0	0.0	0.0	0.0	0.0	0.0	0.0	0.0	0.0	0.0	0.0	0.0	0.0	0.0	0.0	0.0	0.0	0.0	0.0	0.0	0.0	0.0	0.0	0.0	0.0	0.0	0.0	0.0	0.0	0.0
337.59645114170934	-1.1555839296069053	113971.36382347654	1.3353742183657369	239.8555424489774	0.9743914397129744	57530.681243493185	0.9494386777859228	232.06927067671174	0.5044865141587138	0.2545066429680102	53856.1463924209	1.253665	58.58894	0.6225827700000001	-0.09892056880000001	-0.0184734919	-0.0036206906	-0.0510217286	-0.1151910717	-0.029693188	-0.0165866986	0.05883334110000001	-0.0255218729	0.106086301	0.0403902411	0.0881266159	-0.025851697799999997	0.0530957817	-0.0210826628	0.0174568822	0.0087477698	0.0286431527	-0.0555317373	-0.0037084728000000003	0.0429972467	-0.0914255861	0.0111399972	-0.0615993221	-0.0178313435	0.0830625287	-0.0026124483	0.07131933879999999	0.08649721380000001	-0.0019734781	-0.0896714775	0.10742483039999999	-0.0050886609	-0.0309168433	0.0391648253	0.0812082825	-0.1322736226	-0.0074864347	-0.0703085494	-0.0625876813	0.0420857654	-0.0445605366	-0.0604082421	0.0156446182	0.0598086421	0.0562077489	-0.015082771299999999	0.0666809407	0.080779642	0.013290956699999999	-0.0497465021	-0.0149170013	0.0319507343	0.1110405552	0.0402415005	0.0635329238	-0.0509092642	0.0767951015	0.0982253451	-0.0308981929	-0.0567840412	0.0340954609	-0.031077609500000002	0.028882173799999997	-0.0139258044	-0.0567978483	-0.0494713192	0.014813980400000001	0.0268571639	0.010591123999999999	-0.0026261043	0.057342585099999996	0.0391863736	0.0620122929	0.013749247	0.09763570869999999	0.0011176386	0.0286470092	0.0506657435	-0.0484612565	0.1508622684	-0.0137950418	-0.0945702552	-0.0939193616	0.052622238099999996	0.0580945317	-0.0425385444	0.0519483372	-0.0078527378	-0.10416598839999999	0.0500176189	0.09899173929999999	0.1044969181	0.0580628146	-0.0781589283	-0.0497857705	-0.0548321368	0.0043440728	0.0741862424	0.0446772841	0.08985069080000001	0.00033369410000000003	0.0113916181	-0.042934227199999994	-0.053140741	0.09208046130000001	-0.0320181754	-0.06246904230000001	0.08979151710000001	-0.0205729861	-0.07076497030000001	0.0860186637	-0.00239438	0.03246932	5.733055584400001e-06	0.0010542567412623997	-0.0229765	0.06912360000000001	0.00477807207696	0.0005279195522499998	0.07264379999999998	-0.04870120000000003	0.002371806881440003	0.005277121678439997	-0.00444618	-0.004935842	1.97685165924e-05	2.4362536248964e-05	-0.00114713	-0.00320173	1.02510749929e-05	1.3159072368999998e-06	-0.0007747889999999999	0.0013082010000000002	6.002979945209998e-07	1.711389856401e-06	0.0	0.0	0.0	0.0	0.0	0.0	0.0	0.0	0.0	0.0	0.0	0.0	0.0	0.0	0.0	0.0	0.0	0.0	0.0	0.0	0.0	0.0	0.0	0.0	0.0	0.0	0.0	0.0	0.0	0.0	0.0	0.0	0.0	0.0	0.0	0.0	0.0	0.0	0.0	0.0	0.0	0.0	0.0	0.0	0.0	0.0	0.0	0.0	0.0	0.0	0.0	0.0	0.0	0.0	1.0	0.0	0.0	0.0	0.0	0.0	0.0	0.0	0.0	0.0	0.0	0.0	0.0	0.0	0.0	0.0	0.0	0.0	0.0	0.0	0.0	0.0	0.0	0.0	0.0	0.0	0.0	0.0	0.0	0.0	0.0	0.0	0.0	0.0	0.0
334.28704518621726	-3.3094059554920823	111747.82857933202	10.95216777824646	240.3653139609757	0.5097715119983093	57775.48415555843	0.25986699444504235	232.08756135229697	0.01829067558523434	0.00033454881336428754	53864.63613445621	1.048791	49.014317	0.28656617	-0.0410360288	-0.0019557664	-0.0470685049	0.0026777494000000002	-0.10432391199999999	-0.0388029874	-0.0202980783	-0.0233933869	-0.043360197	0.012409161699999999	-0.0459534105	0.1562709649	-0.1088867335	0.0007046156	-0.0876539823	-0.0171337197	-0.1038508794	0.0331087379	-0.0093333676	-0.0402865926	0.0215079744	0.0159328361	-0.0795036028	-0.0005276734	0.012861138400000001	-0.029775014500000002	-0.0899867057	0.0184010791	0.0841949206	-0.09320681609999999	0.06077041	-0.0060823689	0.0216446024	0.09469073230000001	-0.08953671140000001	-0.011178360900000002	0.0068802302	0.0676728571	-0.0924434674	-0.11773250710000001	-0.0511029649	0.0283984052	0.0368000638	0.1534191792	-0.10814980199999999	0.009824243199999999	-0.0210538972	0.0080219452	0.042639203099999995	0.0556337266	-0.023764204599999998	-0.009702669	0.076333047	0.1186601033	0.042462569699999994	0.042557793899999995	0.053971427300000006	0.0334690254	0.02072571	-0.10203416230000001	-0.0398634992	0.1452771064	-0.027776811800000002	-0.0097384154	-0.0643771219	0.0486010242	-0.0449044132	0.0398448923	0.0474369152	-0.0659017247	-0.0318569613	-0.1009148557	0.0121438149	-0.11107854140000001	0.0215814364	0.0143302342	0.0661166442	0.1255560904	0.1303606306	0.0466761045	-0.0003340242	-0.0416803371	0.0075761255	0.025749559300000002	-0.140570619	-0.046435677	0.0601719155	-0.0648930303	0.052046155499999996	-0.0190956728	-0.015728765800000002	0.0384037397	-0.0331565458	0.0539945435	-0.0327100767	0.0736122715	-0.1249401413	-0.0887251341	-0.0784358385	0.0142297581	-0.0343580612	0.0739622187	-0.0567920623	-0.044045043	-0.051059526699999996	0.0924882418	-0.0366895492	-0.0576786922	0.0914127426	-0.0290499939	-0.0638512918	0.0896294983	-0.0250825	-0.02268812	0.0006291318062499997	0.0005147507891343998	-0.158192	-0.1352155	0.01828323144025	0.025024708864000003	-0.0269642	-0.09960799999999996	0.009921753663999994	0.0007270680816400001	-0.00443842	7.759999999999885e-06	1.9699572096400007e-05	6.02175999999982e-11	-0.00149025	-0.0003431200000000001	1.1773133440000009e-07	2.2208450625e-06	-0.001005	-0.0002302110000000001	1.010025e-06	5.2997104521000054e-08	0.0	0.0	0.0	0.0	0.0	0.0	0.0	0.0	0.0	0.0	0.0	0.0	0.0	0.0	0.0	0.0	0.0	0.0	0.0	0.0	0.0	0.0	0.0	0.0	0.0	0.0	0.0	0.0	0.0	0.0	0.0	0.0	0.0	0.0	0.0	0.0	0.0	0.0	0.0	0.0	0.0	0.0	0.0	0.0	0.0	0.0	0.0	0.0	0.0	0.0	0.0	0.0	0.0	0.0	0.0	0.0	0.0	0.0	0.0	0.0	0.0	0.0	0.0	0.0	0.0	0.0	0.0	0.0	0.0	0.0	0.0	0.0	0.0	0.0	0.0	0.0	0.0	0.0	0.0	0.0	0.0	0.0	0.0	0.0	0.0	0.0	0.0	0.0	0.0
338.02608649566054	3.7390413094432797	114261.63515157178	13.980429913723318	239.78586371407607	-0.5794502468996257	57497.26043710546	0.3357625886320371	231.14465327197155	-0.9429080803254236	0.8890756479429757	53427.85073621994	1.415988	66.174988	1.29104325	0.0667424755	0.0121277872	0.0705629654	-0.0137430369	-0.0074877	0.0884437613	-0.0662070071	-0.1032383636	0.0408088682	-0.028032746600000002	-0.11610172449999999	0.0647285229	-0.0305802307	-0.0287036423	0.037866889	-0.0364768746	-0.042004646799999996	0.0230498629	0.0459492568	0.0320743492	0.1733619299	-0.0083202581	0.09225084380000001	0.050901249800000006	-0.045325583200000005	0.0042268609000000006	0.0062936201	-0.017384171599999998	0.0814423108	-0.0391916079	-0.038517416	0.0085119226	0.0207807212	0.0140211121	-0.0148968537	0.1277330734	-0.074891119	0.0750183297	0.06979282	-0.0756194233	-0.013960143000000001	0.0009882241	-0.0044845187	-0.050520320199999996	0.0026046536	-0.028901276899999998	0.1188145937	0.022238484399999998	-0.0599900684	-0.0835190457	-0.0399357368	-0.0095340583	0.1453930089	0.016806644	-0.086116877	0.0035929988	0.1400659503	-0.031577246600000004	-0.048311752300000003	-0.09599361470000001	0.0045692566	0.0274616504	-0.0019944794	0.051113579699999995	0.0316436068	0.0805287586	-0.0038918251000000003	-0.1008141786	-0.0055777985	-0.1203177076	0.057849854900000004	0.028286521800000002	0.0963719048	0.0157862616	0.0017377857999999998	0.0030520463	0.0059590582	-0.008590329300000001	0.0184249591	0.0422135765	0.007822870899999999	-0.0006666860000000001	-0.0292148306	-0.0276102256	0.057607424299999994	0.0286677218	-0.098593813	-0.0498343625	-0.0870622101	-0.0235691029	0.0244321167	0.021653968399999998	0.0112199432	-0.0876641168	0.0683574894	-0.042818141399999995	-0.043853964	-0.0427159379	-0.0466642646	-0.0352494975	0.1112715116	0.0236260896	0.043976427	-0.0451477824	-0.0489408639	0.0927434086	-0.0412533063	-0.0526240321	0.0924308615	-0.0372661819	-0.056189015300000006	0.0919107295	-0.16858800000000002	-0.1435055	0.028421913744000007	0.02059382853025	-0.35662	-0.198428	0.039373671184	0.1271778244	-0.353088	-0.32612379999999996	0.10635673292644003	0.124671135744	0.00368778	0.0081262	1.3599721328399997e-05	6.603512643999999e-05	0.000650349	0.002140599	4.582164078801e-06	4.2295382180100004e-07	-0.00319792	-0.00219292	1.02266923264e-05	4.8088981264e-06	0.0	0.0	0.0	0.0	0.0	0.0	0.0	0.0	0.0	0.0	0.0	0.0	0.0	0.0	0.0	0.0	0.0	0.0	0.0	0.0	0.0	0.0	0.0	0.0	0.0	0.0	0.0	0.0	0.0	0.0	0.0	0.0	0.0	0.0	0.0	0.0	0.0	0.0	0.0	0.0	0.0	0.0	0.0	0.0	0.0	0.0	0.0	0.0	0.0	0.0	0.0	0.0	0.0	0.0	0.0	1.0	0.0	0.0	0.0	0.0	0.0	0.0	0.0	0.0	0.0	0.0	0.0	0.0	0.0	0.0	0.0	0.0	0.0	0.0	0.0	0.0	0.0	0.0	0.0	0.0	0.0	0.0	0.0	0.0	0.0	0.0	0.0	0.0	0.0
337.02035275374453	-1.0057337419160035	113582.71817025839	1.0115003596283665	238.97415757118614	-0.8117061428899319	57108.647986858094	0.6588668624052506	230.92238323306296	-0.2222700389085901	0.04940397019642615	53325.1470780376	1.337243	62.494911	0.33763235	0.1528471804	-0.0420187088	0.0438282817	0.1044434393	0.0815461174	0.1492762342	-0.0401357934	-0.09797156779999999	-0.064063034	-0.1032726499	0.0250508571	-0.0240892818	-0.047191328600000006	-0.0492720436	0.0265617372	0.0736282124	0.0979471525	-0.0144040414	0.0153729296	0.08186379099999999	0.0007397199000000001	-0.1215358364	-0.0937526525	0.06128727730000001	0.068302677	0.07657457549999999	-0.0088621825	-0.0241905835	-0.0320923432	0.10232387529999999	0.10998169810000001	-0.013936748600000002	0.0059165652000000004	0.010258236	0.1160385881	-0.0130819734	-0.0534447651	0.0234093961	-0.049562242	-0.007120384200000001	0.0413151244	-0.0184532896	0.0486651034	-0.0664512765	0.030424594500000002	-0.0967566776	0.0787206445	-0.10217915	-0.0767902392	-0.0635070026	0.0620391775	0.0921893179	0.06888040969999999	-0.0748463162	-0.1377921076	0.0289481816	0.1273695702	0.0014397748	-0.0495438844	0.1073679941	0.024964438	-0.0002415196	0.0559119008	0.0437380978	-0.025760121299999997	-0.0571170046	-0.0285953267	-0.07290092349999999	-0.0446906919	0.059780737	0.0825848372	-0.0110064423	-0.1265496681	0.0032697439	-0.032060218599999996	0.0663612844	0.0700723003	0.0707951866	-0.1207385258	0.013983386499999998	-0.0202420954	-0.0718148885	0.008172888599999999	0.0034277612	-0.024799092000000002	0.1204348464	-0.0108066185	-0.0028094752	0.0620979031	-0.08324280519999999	-0.0457807879	-0.027757687799999996	0.0816727476	-0.0481455183	0.0069599701	0.040243136400000004	-0.0307238973	-0.032811007999999996	0.07957293480000001	0.0231580685	0.09480242900000001	0.1332214977	-0.0050457576	-0.0462422434	-0.0467863066	0.0928455409	-0.0456960603	-0.047328225099999996	0.0928391566	-0.0451477824	-0.0478679739	0.09282851630000001	-0.231917	-0.063329	0.053785494889000016	0.004010562241	-0.222906	0.133714	0.017879433796000002	0.049687084836	-0.413643	-0.060555000000000025	0.003666908025000003	0.17110053144900006	0.00448665	0.0007988700000000001	2.01300282225e-05	6.381932769000002e-07	0.000485022	-0.00016532700000000005	2.7333016929000014e-08	2.35246340484e-07	-0.00383441	-0.00063649	1.47027000481e-05	4.051195201e-07	0.0	0.0	0.0	0.0	0.0	0.0	0.0	0.0	0.0	0.0	0.0	0.0	0.0	0.0	0.0	0.0	0.0	0.0	0.0	0.0	0.0	0.0	0.0	0.0	0.0	0.0	0.0	0.0	0.0	0.0	0.0	0.0	0.0	0.0	0.0	0.0	0.0	0.0	0.0	0.0	0.0	0.0	0.0	0.0	0.0	0.0	0.0	0.0	0.0	0.0	0.0	0.0	0.0	0.0	0.0	0.0	0.0	0.0	0.0	0.0	0.0	0.0	0.0	0.0	0.0	0.0	0.0	0.0	0.0	0.0	0.0	0.0	0.0	0.0	0.0	0.0	0.0	0.0	0.0	0.0	0.0	0.0	0.0	0.0	0.0	0.0	0.0	0.0	0.0
334.8632062992502	-2.1571464544943524	112133.3669330142	4.6532808261375544	237.64296736126374	-1.3311902099223971	56474.17993626666	1.7720673749932356	228.79855994471603	-2.1238232883469266	4.510625360124752	52348.78103277581	1.267335	59.227787	0.7197629999999999	-0.000332376	0.06554474	0.017486626	-0.0221169935	0.0566589067	-0.0312974621	-0.0375633752	0.054893255099999996	0.0735038601	-0.0032167465	0.0535036051	-0.08175685190000001	-0.07113045400000001	0.0002303668	0.0395143712	-0.0099870992	0.0119657805	0.057488763099999986	0.026544595	0.0224866928	-0.0931073189	-0.0495066383	0.0384271874	0.1086407284	0.0727538778	-0.062440637699999996	0.0008749789999999999	0.1465022541	-0.04617368349999999	0.045673686	-0.081208564	-0.0678184373	0.017158013899999998	-0.034771055099999996	0.0959275883	-0.0102267321	-0.1035509539	-0.032033262	-0.0045805346	0.016278132600000002	-0.0637358158	-0.12702991800000002	0.0815536419	0.0597511058	-0.0291759595	-0.09232557279999999	-0.0544690345	0.056824396299999996	-0.0713157532	0.0096994247	0.0154228643	-0.0229785679	-0.0772917571	-0.0599148446	0.0313635705	0.0035533596999999997	-0.0436558064	-0.0916671449	0.08196723780000001	0.070341244	0.0607266854	0.0294225816	0.0273880952	0.0141900949	0.0661728518	0.044834607900000004	-0.0457180573	0.0051933244	-0.018639255	0.0625987966	0.1083336181	0.045321451299999996	0.039239403799999996	-0.0782876422	0.060797469000000014	0.08234901900000001	-0.0020156357000000002	-0.0602645218	-0.0546171387	-0.0136657724	0.0312324396	-0.0273166294	-0.0450524507	0.10786202980000001	0.0723679945	0.0664392178	0.1263705706	0.0592739087	0.015111665	0.0078421168	-0.0255585723	-0.1683033344	0.011639298999999999	-0.07676936820000001	-0.061358697999999996	0.0281355628	0.0816243859	-0.043060382	-0.0320474319	-0.10174602890000001	-0.0553015412	-0.09729988960000001	-0.0144125682	-0.047328225099999996	-0.0445974349	0.0927944701	-0.050004779900000004	-0.0418155387	0.0926349341	-0.0526240321	-0.0389857244	0.092369244	-0.147884	0.08403300000000002	0.021869677455999995	0.007061545089000005	0.101599	0.32450500000000004	0.105303495025	0.010322356801	-0.217767	0.195876	0.038367407376000015	0.047422466289000015	0.00294662	-0.00154003	8.682569424400001e-06	2.3716924009e-06	0.000175192	-0.00030983	9.59946289e-08	3.0692236864000013e-08	-0.00337729	0.0004571200000000001	1.14060877441e-05	2.0895869440000013e-07	0.0	0.0	0.0	0.0	0.0	0.0	0.0	0.0	0.0	0.0	0.0	0.0	0.0	0.0	0.0	0.0	0.0	0.0	0.0	0.0	0.0	0.0	0.0	0.0	0.0	0.0	0.0	0.0	0.0	0.0	0.0	0.0	0.0	0.0	0.0	0.0	0.0	0.0	0.0	0.0	0.0	0.0	0.0	0.0	0.0	0.0	0.0	0.0	0.0	0.0	0.0	0.0	0.0	0.0	0.0	0.0	1.0	0.0	0.0	0.0	0.0	0.0	0.0	0.0	0.0	0.0	0.0	0.0	0.0	0.0	0.0	0.0	0.0	0.0	0.0	0.0	0.0	0.0	0.0	0.0	0.0	0.0	0.0	0.0	0.0	0.0	0.0	0.0	0.0
335.9495103911407	1.0863040918904971	112862.07353204714	1.1800565800580376	237.80449265657467	0.1615252953109234	56550.97672765088	0.026090421025281016	228.44926417447928	-0.3492957702367505	0.1220075351052848	52189.066301861014	1.033911	48.31892	0.28853690000000004	-0.005184519	-0.0008814583	0.0145034222	-0.0590911021	0.0311042945	-0.0331665298	-0.0048171282000000005	0.0689208951	-0.0221095194	-0.0081730785	-0.000959543	-0.11650216279999999	0.0336943354	-0.033164947400000006	-0.0029127306	-0.022755766400000002	-0.07887006419999999	-0.038773740099999995	-0.05891565400000001	-0.0439763965	-0.016707853600000003	0.0413178014	0.0688631769	-0.0202104952	-0.0110672238	-0.0812437066	-0.0139955005	-0.022896470099999996	0.008254335	-0.0912799973	-0.069721233	-0.09109329320000001	-0.0657045966	0.0343692118	-0.0185039128	-0.0018346715	0.0316418775	-0.046796958799999996	0.0454832502	0.0983862892	0.0591010816	-0.0420665349	-0.011085621100000002	-0.046582951100000006	0.1121371826	0.0201170754	-0.0277446979	-0.0006711403	0.0088128424	-0.0307014696	0.0106586848	-0.0144710879	-0.1326652562	-0.039168974700000005	0.036750056	0.019828446200000002	-0.0628597885	-0.0062211462	-0.0357675979	0.040401014	0.0874423962	-0.0362606269	-0.00039187419999999997	-0.0018638566	-0.0822004583	0.0350631977	0.0352159827	0.0743206341	0.0510436733	-0.0102961585	0.026052412599999998	-0.08222787200000001	0.0672972442	-0.04680800809999999	0.0744161622	-0.0966104033	-0.1248274983	-0.026763823500000002	-0.0407891419	0.077627732	0.1077997486	-0.0020965752	0.0337363849	-0.0461599834	0.022757656299999998	-0.026453665	-0.0004646132	0.0823124589	-0.0011419600999999998	0.06140918610000001	0.0044512118	-0.056922442999999996	-0.0101592496	0.0778119962	0.1085672051	-0.0425234554	0.0429062371	-0.0600455404	0.014776080700000001	0.165073377	-0.0067458215000000005	-0.0124913659	0.0573271116	-0.0484055284	-0.0423758542	0.09259028039999999	-0.0541668268	-0.0361112347	0.0918195415	-0.059627806900000004	-0.0296464028	0.0905397255	-0.13057	0.017313999999999996	0.017048524899999997	0.00029977459599999983	0.048301	-0.053298000000000005	0.002840676804	0.002332986601	-0.176261	0.04150600000000002	0.0017227480360000012	0.031067940121	0.00440144	0.0014548200000000005	1.9372674073600005e-05	2.116501232400001e-06	0.00193442	0.0017592279999999998	3.094883155984e-06	3.7419807364e-06	-0.00369162	-0.00031433000000000025	1.36280582244e-05	9.880334890000016e-08	0.0	0.0	0.0	0.0	0.0	0.0	0.0	0.0	0.0	0.0	0.0	0.0	0.0	0.0	0.0	0.0	0.0	0.0	0.0	0.0	0.0	0.0	0.0	0.0	0.0	0.0	0.0	0.0	0.0	0.0	0.0	0.0	0.0	0.0	0.0	0.0	0.0	0.0	0.0	0.0	0.0	0.0	0.0	0.0	0.0	0.0	0.0	0.0	0.0	0.0	0.0	0.0	0.0	0.0	0.0	0.0	0.0	0.0	0.0	0.0	0.0	0.0	0.0	0.0	0.0	0.0	0.0	0.0	0.0	0.0	0.0	0.0	0.0	0.0	0.0	0.0	0.0	0.0	0.0	0.0	0.0	0.0	0.0	0.0	0.0	0.0	0.0	0.0	0.0
332.7015750023867	-3.247935388754001	110690.33800906873	10.549084289520607	237.43459963200743	-0.36989302456723294	56375.18910241166	0.13682084962349558	228.3880944369997	-0.061169737479588086	0.003741736783321724	52161.12168056388	0.946497	44.233696	0.3848615	-0.0154159901	-0.015944393799999998	0.0647530668	0.0324415151	0.034148743100000004	0.0153860005	0.0345195598	0.0633214894	0.016807518	-0.0757834753	0.0049489237	-0.0670759769	0.0883987922	-0.0733381426	0.021293044	-0.0335728158	-0.034042820099999996	-0.0165139798	-0.0195149732	-0.0638089989	0.018677235	-0.043078595	-0.0494795057	0.0098491235	-0.10344399160000001	-0.0345454649	-0.0308317394	0.0003118047	-0.0749755518	0.10383014630000001	0.016288996	0.0007719160000000001	-0.0349198364	-0.050408362199999994	-0.106355887	0.1162715388	-0.0385619768	0.0130442681	0.0741425468	0.0364536036	-0.0585293763	-0.0244419402	-0.12616317189999998	-0.024243211	0.0737792608	-0.0318221931	0.0382016231	-0.0004784716000000001	-0.0147279341	0.0226029915	-0.0139609259	0.0551701104	-0.1145105376	-0.03726432	-0.0204668839	-0.0141072545	-0.0744301322	-0.0396123319	-0.0994435068	0.056522004800000004	0.022048138300000002	-0.0661710558	0.0881369642	-0.0258386686	-0.0901030548	0.0062110151	-0.0340020549	0.020969424599999998	0.0313364009	-0.0236339961	0.0028150042	0.012630795700000001	-0.0511507329	-0.0384916339	0.013338239299999999	0.0536664	-0.0316400697	-0.155081894	0.0546119001	0.0966312716	-0.0861952734	0.049781247599999995	-0.0109559883	-0.0214137777	0.0085424035	0.08842120460000001	-0.1007129481	-0.050753434400000005	-0.079338112	0.0195659225	0.1435540221	0.0085768557	-0.0312641313	-0.0523044053	0.0735766103	-0.011735140500000001	0.1358381455	0.055157932199999996	-0.11714589130000001	-0.0667208412	0.08724643689999999	-0.1044397338	0.0397793989	-0.0494739559	-0.0401231939	0.09223330880000001	-0.0581699931	-0.030241452599999996	0.0903983584	-0.0660962247	-0.0199595043	0.0873671009	-0.061979999999999986	0.06859	0.003841520399999999	0.0047045881	-0.153976	-0.202277	0.040915984729	0.023708608576000004	-0.129131	0.047130000000000005	0.0022212369000000004	0.016674815161	0.0051998	0.0007983599999999997	2.7037920039999998e-05	6.373786895999995e-07	0.00231442	0.0003800000000000001	1.444000000000001e-07	5.3565399364000015e-06	-0.00385055	-0.00015892999999999984	1.48267353025e-05	2.5258744899999948e-08	0.0	0.0	0.0	0.0	0.0	0.0	0.0	0.0	0.0	0.0	0.0	0.0	0.0	0.0	0.0	0.0	0.0	0.0	0.0	0.0	0.0	0.0	0.0	0.0	0.0	0.0	0.0	0.0	0.0	0.0	0.0	0.0	0.0	0.0	0.0	0.0	0.0	0.0	0.0	0.0	0.0	0.0	0.0	0.0	0.0	0.0	0.0	0.0	0.0	0.0	0.0	0.0	0.0	0.0	0.0	0.0	0.0	0.0	0.0	0.0	0.0	0.0	0.0	0.0	0.0	0.0	0.0	0.0	0.0	0.0	0.0	0.0	0.0	0.0	0.0	0.0	0.0	0.0	0.0	0.0	0.0	0.0	0.0	0.0	0.0	0.0	0.0	0.0	0.0
338.5546706445395	5.853095642152822	114619.2650152326	34.25872859618837	238.68878736866768	1.2541877366602419	56972.33721552505	1.5729868787889407	229.85406789662392	1.465973459624223	2.149078184322614	52832.8925286258	1.012991	47.341259	0.2904408	-0.0406970478	0.0492759154	-0.0572632475	-0.049055790700000004	-0.024104068	-0.0819756107	-0.0234684698	0.017666003700000002	-0.018333128100000002	-0.040027081	0.012754778400000001	-0.0746683332	0.1114617742	-0.057008235899999996	-0.0120551834	-0.0046102838	-0.051656241900000004	-0.0248293433	0.0216044347	-0.04604840650000002	-0.0876290898	0.0035473299	0.0724294682	-0.0077972617000000004	0.0349614622	0.0236885963	0.0476355854	-0.1463630565	0.0121368928	-0.0857967769	-0.0191269411	0.0394734221	-0.0287328121	-0.0328493573	0.0673967239	-0.0306910206	-0.0966493015	0.0916795408	-0.0735497468	-0.0660944441	0.059818108700000004	-0.015605596000000001	0.0384794012	-0.030367292200000007	0.0100144538	0.020614508	-0.1090775357	0.0262804961	0.0520856632	0.001971342	0.09097879769999999	-0.0520225084	-0.0723937917	0.0180033552	0.0845710397	-0.0034008665999999996	-0.018902898799999998	-0.030965439900000002	-0.055836877699999996	0.0088017379	0.012648896299999999	-0.0999852915	0.052921683	-0.0399967973	-0.0410272267	0.0142790199	0.0188514789	0.0445156039	0.0738585674	0.0395376779	0.0496695062	0.0241952593	0.0444629257	0.036287165	-0.0301543013	-0.0795658435	0.011074229599999999	0.1180664075	-0.0168502788	0.0776650547	0.1258969733	0.0030550306	-0.0274002674	0.0399156834	-0.0533847963	-0.0091701106	-0.0749599814	0.0675381503	-0.0020926933999999998	-0.09411600099999999	-0.1156991822	0.0200159928	0.015890105	0.040354833799999996	-0.0234391305	0.0477138724	-0.0248651646	-0.0125411724	0.0373386363	-0.0823931862	-0.051376011500000006	0.0030218338	0.058189481200000004	-0.050533311500000004	-0.0378411062	0.0917241444	-0.062002536799999994	-0.0242330906	0.0883807611	-0.07197121	-0.0100385988	0.0828984341	-0.052554099999999986	0.0094259	0.0027619334268099986	8.884759081000003e-05	-0.064537	0.089439	0.007999334721000001	0.004165024369	-0.0869911	0.0421399	0.0017757711720099995	0.00756745147921	0.00379788	-0.00140192	1.44238924944e-05	1.9653796864000004e-06	0.00142641	-0.0008880100000000002	7.885617601000004e-07	2.0346454881e-06	-0.00315176	0.0006987899999999999	9.9335910976e-06	4.883074640999999e-07	0.0	0.0	0.0	0.0	0.0	0.0	0.0	0.0	0.0	0.0	0.0	0.0	0.0	0.0	0.0	0.0	0.0	0.0	0.0	0.0	0.0	0.0	0.0	0.0	0.0	0.0	0.0	0.0	0.0	0.0	0.0	0.0	0.0	0.0	0.0	0.0	0.0	0.0	0.0	0.0	0.0	0.0	0.0	0.0	0.0	0.0	0.0	0.0	0.0	0.0	0.0	0.0	0.0	0.0	0.0	0.0	0.0	0.0	0.0	0.0	0.0	0.0	0.0	0.0	0.0	0.0	0.0	0.0	0.0	0.0	0.0	0.0	0.0	0.0	0.0	0.0	0.0	0.0	0.0	0.0	0.0	0.0	0.0	0.0	0.0	0.0	0.0	0.0	0.0
335.32338876136606	-3.2312818831734376	112441.77505040623	10.441182608524876	239.329344135904	0.6405567672363189	57278.53496452196	0.4103129720522438	230.77956391174698	0.9254960151230592	0.8565428740086617	53259.207119296116	0.9972200000000002	46.604214	0.4251628	-0.035317091099999996	-0.0491661131	0.0006429987	-0.0698177951	-0.0501249796	-0.0121731287	-0.0060993581000000005	0.0530828026	-0.0344327303	0.0671083715	-0.056406120899999995	0.0405127531	-0.0009398792	-0.030043232599999997	-0.004424916599999999	-0.005214023	0.021017525899999997	0.0145058335	0.0163750415	-0.0023896056	0.0015184294	-0.0088112087	-0.0352357895	0.0595017144	-0.0625003833	-0.043301999199999996	0.0668387111	-0.0349091209	-0.080533343	0.0597523762	-0.013556756000000001	0.059635923099999995	0.0316214873	0.0568917572	0.055158221699999996	-0.053143408499999996	-0.0311055241	-0.0351736608	0.10035699220000001	-0.0596575554	0.01156639	0.0499252004	-0.057577362	-0.14806029810000002	0.035328217099999996	0.0656027498	0.12297405789999999	-0.008472081800000001	0.0294929351	-0.016519223	-0.0588766997	-0.0230941875	-0.0385048558	0.050610656	0.020056605800000002	0.0531767226	-0.0331141778	0.0416184411	0.0086384552	-0.0790369234	0.005926174	-0.0057929379000000005	0.029322960699999998	-0.0413444845	0.014819641599999999	0.0042221164	-0.0160494692	-0.0192635195	-0.0247001588	-0.023916485600000002	-0.0031922702	0.0563882229	0.0253604496	0.0534490551	-0.1013244217	0.0518860436	-0.031618366	-0.0526528283	-0.1126457518	0.08734850039999999	-0.0950019402	0.0287405048	0.07965615150000001	-0.062218912599999995	0.0082132333	0.0555542447	0.040891721400000004	0.0776874361	-0.12675012970000002	0.017718681899999998	0.0184419483	-0.0204151894	-0.08553375949999999	-0.013216944	0.0555929887	-0.05951479110000001	-0.0781616686	0.0170758095	0.0407976336	-0.0610545067	0.1348987909	0.14663073210000002	-0.0607312625	-0.051583401200000004	-0.0355312647	0.09106362720000001	-0.06565321639999999	-0.0181136817	0.0857800611	-0.0772000154	0.0	0.0772000154	-0.0604957	-0.007941600000000007	0.00365972971849	6.306901056000011e-05	-0.0914497	-0.0269127	0.0007242934212899997	0.00836304763009	-0.0567635	0.0302276	0.00091370780176	0.0032220949322500003	-0.00129874	-0.00509662	1.6867255876e-06	2.5975535424399995e-05	0.000916462	-0.000509948	2.60046962704e-07	8.399025974439998e-07	-0.00155671	0.00159505	2.4233460241e-06	2.5441845025e-06	0.0	0.0	0.0	0.0	0.0	0.0	0.0	0.0	0.0	0.0	0.0	0.0	0.0	0.0	0.0	0.0	0.0	0.0	0.0	0.0	0.0	0.0	0.0	0.0	0.0	0.0	0.0	0.0	0.0	0.0	0.0	0.0	0.0	0.0	0.0	0.0	0.0	0.0	0.0	0.0	0.0	0.0	0.0	0.0	0.0	0.0	0.0	0.0	0.0	0.0	0.0	0.0	0.0	0.0	0.0	0.0	0.0	0.0	0.0	0.0	0.0	0.0	0.0	0.0	0.0	0.0	0.0	0.0	0.0	0.0	0.0	0.0	0.0	0.0	0.0	0.0	0.0	0.0	0.0	0.0	0.0	0.0	0.0	0.0	0.0	0.0	0.0	0.0	0.0
336.2993908210026	0.9760020596365279	113097.28026657744	0.9525800204147448	239.12499708985519	-0.2043470460488095	57180.76423322325	0.04175771522887427	231.22178643736697	0.4422225256199965	0.19556076216572849	53463.51452328733	1.012592	47.322601	0.21818885	-0.0439028462	0.0143707696	0.058570278899999995	0.0351124102	-0.0385904767	0.0479215166	-0.0004976908999999999	0.09024424880000001	-0.0261271297	-0.0446304518	0.0469311785	0.0619532011	-0.0013100741	0.012510474399999999	-0.0816579402	0.0489521221	0.0010401381	-0.00017855049999999998	0.058148126200000004	0.0441082118	-0.0204847567	0.0548439807	-0.06291771360000001	0.034610943	0.032904772400000004	0.0721501123	-0.0601938553	-0.033516372200000005	0.009409865	0.0181809239	0.0759345912	-0.0096736885	-0.0131952793	0.027899101000000003	-0.0342076293	0.032787800000000006	0.1351496114	-0.0037819648	0.0686192356	-0.011324052900000001	0.005881754	-0.025389926	0.0722022886	0.030715267	0.0979348938	-0.0325383963	0.0375388276	0.0217386831	0.027031051099999998	0.0070767787	-0.0089291056	0.1044795011	-0.016666554099999998	0.0348498868	-0.0364758121	0.0681030546	-0.0681803659	0.0031297887	-0.031890247999999996	0.048408654	-0.0792111165	0.051418180300000005	-0.0060717003	-0.025691387799999996	-0.0175979615	0.038318140099999995	0.0122098658	-0.0773661672	-0.010129839100000001	0.0572810605	-0.0050773759	-0.13336607890000002	-0.1083954244	-0.028202348999999998	0.06240399	-0.0154765496	0.029978452200000002	0.0444317935	0.027525090099999996	-0.0347709359	-0.050833995	0.024758525099999998	0.0883224855	0.0276045348	-0.0065429619	-0.043411680999999994	-0.0418265796	0.0288644786	0.0601340514	-0.0304762018	-0.0439326598	-0.0101074452	-0.0743943277	0.09191814720000001	-0.0641929678	0.1148980276	-0.0238340985	-0.032849840299999995	0.0128205573	0.097516887	0.06978478860000001	0.0090721658	-0.0707054359	-0.0526240321	-0.0331953636	0.0902528472	-0.0691113238	-0.0119112676	0.08261341679999999	-0.08173569509999999	0.0100385988	0.0703563777	-0.0857806	-0.025284900000000003	0.00735831133636	0.00063932616801	-0.137501	-0.04605130000000002	0.0021207222316900016	0.018906525001000003	0.0446909	0.1014544	0.01029299527936	0.00199727654281	-0.000912689	0.00038605100000000016	8.330012107209998e-07	1.4903537460100007e-07	0.000576218	-0.000340244	1.1576597953599994e-07	3.32027183524e-07	-0.00173838	-0.0001816700000000001	3.021965024400001e-06	3.3003988900000033e-08	0.0	0.0	0.0	0.0	0.0	0.0	0.0	0.0	0.0	0.0	0.0	0.0	0.0	0.0	0.0	0.0	0.0	0.0	0.0	0.0	0.0	0.0	0.0	0.0	0.0	0.0	0.0	0.0	0.0	0.0	0.0	0.0	0.0	0.0	0.0	0.0	0.0	0.0	0.0	0.0	0.0	0.0	0.0	0.0	0.0	0.0	0.0	0.0	0.0	0.0	0.0	0.0	0.0	0.0	0.0	0.0	0.0	0.0	0.0	0.0	0.0	0.0	0.0	0.0	0.0	0.0	0.0	0.0	0.0	0.0	0.0	0.0	0.0	0.0	0.0	0.0	0.0	0.0	0.0	0.0	0.0	0.0	0.0	0.0	0.0	0.0	0.0	0.0	0.0
338.32550460823603	2.0261137872334416	114464.14706841756	4.10513707881744	238.77795019676518	-0.3470468930900097	57014.90950016888	0.12044154600342863	231.16097810697403	-0.06080833039294475	0.0036976530451775288	53435.39779937293	1.072466	50.120747	0.296938572	-0.076615484	0.0594125456	-0.08032186200000001	-0.0359663432	-0.0517515408	-0.10239262449999999	-0.0050796846	0.023266262000000003	-0.014773638200000001	-0.0002958167	0.022413748799999998	-0.014236236599999999	0.014564787099999999	-0.0425297547	-0.0103884651	0.0320446729	-0.0089360762	0.130766905	-0.0449217142	-0.0520106311	0.015562701399999997	0.0644742632	-0.0068338697	0.0230580217	0.0667225746	0.0015578364	-0.0545090472	-0.0437431999	0.0486752064	-0.0590852687	-0.0527123818	-0.003056021	0.0364348031	-0.0554888738	0.11402172619999999	-0.0594650917	0.0659952985	-0.0521942945	-0.0883844184	-0.0245696783	-0.1614755949	-0.10853073519999999	0.0653449238	0.0442832159	-0.007187573100000001	-0.0156142122	0.0205444754	0.0493923881	0.0735131208	0.0411397357	0.055538544599999996	-0.0339107726	0.00020719060000000001	0.0401818791	0.1048390121	-0.006414864300000001	-0.030385685099999997	-0.0052805813	-0.0142209324	0.0022269215	0.0124930609	0.017348911499999998	0.0109015346	0.0107335507	0.0519307944	-0.0342360654	-0.0903273923	0.0496170119	0.0393528306	-0.018620285	-0.0185876892	-0.0613052229	0.014103408999999999	0.0152300118	-0.0404404005	-0.0389536293	-0.0171879149	0.1350560492	-0.0260689704	-0.055182929699999994	0.0801087966	0.1030194535	0.0632700112	-0.0026612860999999997	0.062042786600000004	0.0256577569	0.08223924070000001	-0.0963478235	0.1003524947	-0.1412016073	0.0859057058	-0.0242395836	-0.0006759078	-0.067112674	-0.022242033799999998	0.025991962	0.0978416741	-0.0089721991	0.006972665	0.0643522123	0.062774556	0.0041970398999999995	-0.0883099783	-0.053655013700000004	-0.030835116099999997	0.08929314220000001	-0.0723667158	-0.0056542708	0.0789017205	-0.08553752619999999	0.0199595043	0.06246904230000001	-0.142721	-0.05694040000000001	0.020369283841000004	0.003242209152160002	-0.0350191	0.1024819	0.010502539827610005	0.0012263373648099998	0.0003811280000000001	-0.044309772000000004	0.001963355894691984	1.4525855238400006e-07	-0.00167963	-0.0007669410000000003	2.8211569369000007e-06	5.881984974810002e-07	-0.000129721	-0.0007059389999999999	4.983498717210001e-07	1.6827537841000003e-08	-0.00134713	0.00039125000000000016	1.8147592369e-06	1.5307656250000007e-07	0.0	0.0	0.0	0.0	0.0	0.0	0.0	0.0	0.0	0.0	0.0	0.0	0.0	0.0	0.0	0.0	0.0	0.0	0.0	0.0	0.0	0.0	0.0	0.0	0.0	0.0	0.0	0.0	0.0	0.0	0.0	0.0	0.0	0.0	0.0	0.0	0.0	0.0	0.0	0.0	0.0	0.0	0.0	0.0	0.0	0.0	0.0	0.0	0.0	0.0	0.0	0.0	0.0	0.0	0.0	0.0	0.0	0.0	0.0	0.0	0.0	0.0	0.0	0.0	0.0	0.0	0.0	0.0	0.0	0.0	0.0	0.0	0.0	0.0	0.0	0.0	0.0	0.0	0.0	0.0	0.0	0.0	0.0	0.0	0.0	0.0	0.0	0.0	0.0
336.2565495994903	-2.068955008745718	113068.46714855447	4.280574828213993	238.9252310667273	0.14728086996211687	57085.26604028903	0.021691654656797982	231.4095362487773	0.2485581418032723	0.061781149856695625	53550.37346687418	0.972254	45.437431	0.212041178	-0.0397850593	-0.0716213859	0.0252731881	-0.0358604877	-0.0412923495	0.0240616203	0.024480766299999998	0.0948598067	-0.0376539714	0.0200982572	-0.0212240306	0.0159493477	0.0061465818	0.0221159189	-0.0326396963	0.0347639509	0.021158129700000004	-0.051924493499999995	-0.0076797865	0.0090285536	0.0849591562	-0.0500215144	-0.0099841128	0.014938391100000004	0.031771119900000006	-0.0501141984	0.021126544700000003	-0.0039785453000000005	-0.034586806	-0.0266521565	0.0212479895	0.030360210699999998	-0.1096750264	0.0984873175	0.045246537	-0.0475758213	-0.040489452	-0.0141538838	-0.0746020702	0.0149721154	-0.08905398460000001	-0.0409180455	-0.038369335	0.0231383048	0.0825790849	0.045144866	-0.0391847387	-0.0249457253	0.0517631741	-0.027250962400000002	-0.052413327	0.028679160099999997	-0.0395807029	0.0385238558	-0.020157642	0.0523623929	-0.08921940560000001	0.027739921	-0.0074871521	-0.0170499034	-0.0161758821	0.022674902200000003	-0.0044532815000000005	-0.0045272965	-0.049740147	-0.052657517800000005	0.0245436602	-0.0737107561	-0.0069654974	-0.0593596688	0.053511694500000005	0.0057363501	0.0154491644	-0.0173936095	-0.012562373600000001	-0.0466463829	0.0537596501	-0.0263030143	-0.024340765	0.0533212072	0.11144222220000001	0.029886080099999997	-0.002711967	0.0049085838	-0.0934116534	0.1219883678	0.0512092283	0.0009836578	0.06177500070000001	0.0667722243	0.049960718200000004	-0.0120071113	0.0422485328	0.09305435529999999	-0.09440966619999999	-0.0482853497	-0.0631414942	0.0772513462	-0.056154234500000004	0.0125366591	-0.1000139632	0.0105299319	0.0632100981	-0.0546761568	-0.0284522534	0.0881860959	-0.0754098437	0.0006286365	0.07466946049999999	-0.0885713748	0.0296464028	0.053655013700000004	-0.120404	0.022317000000000014	0.014497123216	0.0004980484890000008	-0.0964505	-0.0614314	0.00377381690596	0.009302698950249998	-0.039285900000000006	-0.039667028000000014	0.0015734731103527846	0.0015433819388100006	-0.0009811	0.0006985300000000003	9.6255721e-07	4.879441609000003e-07	0.0006489940000000001	0.0007787150000000001	6.063970512250001e-07	4.2119321203600004e-07	-0.0016424	-0.00029527000000000004	2.69747776e-06	8.718437290000003e-08	0.0	0.0	0.0	0.0	0.0	0.0	0.0	0.0	0.0	0.0	0.0	0.0	0.0	0.0	0.0	0.0	0.0	0.0	0.0	0.0	0.0	0.0	0.0	0.0	0.0	0.0	0.0	0.0	0.0	0.0	0.0	0.0	0.0	0.0	0.0	0.0	0.0	0.0	0.0	0.0	0.0	0.0	0.0	0.0	0.0	0.0	0.0	0.0	0.0	0.0	0.0	0.0	0.0	0.0	0.0	0.0	0.0	0.0	0.0	0.0	0.0	0.0	0.0	0.0	0.0	0.0	0.0	0.0	0.0	0.0	0.0	0.0	0.0	0.0	0.0	0.0	0.0	0.0	0.0	0.0	0.0	0.0	0.0	0.0	0.0	0.0	0.0	0.0	0.0
336.6077786183165	0.3512290188261886	113304.79662635757	0.12336182366560715	239.21596873387	0.2907376671427073	57224.27969728388	0.08452839109558367	231.6209012216777	0.21136497290041234	0.04467515176919204	53648.241882742186	1.016943	47.525925	0.2250645	-0.09517814699999999	0.035212971600000004	-0.0015209983999999999	0.022812679	-0.06487191980000001	-0.021766632200000004	0.0027823315	0.0426158196	0.017334468999999998	-0.0390182991	0.027055038700000002	0.0123542283	0.0288018367	0.0229915719	0.0113814931	-0.0129340699	-0.0331849682	0.0768978551	-0.0351027611	-0.0060683740000000005	0.0795461237	0.0618764683	-0.0459666357	0.0218405177	0.0403481571	-0.0448043138	0.0431282419	0.06217576900000001	0.0414467393	-0.0675284792	0.0394217148	0.0008939961999999998	0.0426031259	0.0168623281	-0.0323936547	0.0321536877	0.0179398603	-0.0196216792	0.029598142400000006	0.08950758140000001	0.022942783900000003	-0.0801275479	-0.021750609900000002	-0.0495458875	-0.053993010599999995	-0.0293204739	0.0046295543	0.0682529604	0.0515673339	0.0552081571	0.007797104399999998	0.0333399608	-0.0062338077	0.0637080152	0.0262670304	0.011984166899999999	-0.0433180582	-0.0338917212	-0.019895263	0.0048490378	-0.010488340700000001	-0.0013364046	-0.0209531738	-0.017736370300000002	0.0626037317	0.012535603700000002	-0.0684476097	-0.0110440765	-0.02508203	-0.1052481384	-0.0033347662	-0.0786326004	0.024238589799999998	-0.0520132637	0.0085791497	-0.0209758875	0.0221906335	0.022330440099999998	0.0859964401	-0.0746456713	-0.017024066799999998	-0.09030589439999999	-0.0284459205	-0.0072909934	0.0314649308	-0.0640241165	-0.0301194526	0.11214696390000001	-0.0087506862	0.10829075310000001	0.0133088682	0.0094254614	-0.1375278071	-0.0497931546	-0.0078011349	-0.044117822	0.12145207710000001	0.0274977615	-0.0719770986	0.0052144226	0.037994412799999995	-0.0720184376	-0.0382369029	-0.0556872742	-0.0260485229	0.0869335349	-0.07823178160000001	0.006908663000000001	0.0699445598	-0.09081000199999999	0.0389857244	0.044045043	-0.101176	0.019228	0.010236582976	0.0003697159839999998	-0.14691399999999996	-0.05046349999999997	0.002546564832249997	0.021583723395999992	0.00565815	0.044944050000000006	0.0020199676304025007	3.20146614225e-05	-0.00012344700000000005	0.0008576529999999999	1.5239161809000013e-08	7.355686684089999e-07	0.00144386	0.0007948659999999999	6.318119579559997e-07	2.0847316996e-06	-0.00219846	-0.0005560600000000001	4.8332263716000015e-06	3.092027236000001e-07	0.0	0.0	0.0	0.0	0.0	0.0	0.0	0.0	0.0	0.0	0.0	0.0	0.0	0.0	0.0	0.0	0.0	0.0	0.0	0.0	0.0	0.0	0.0	0.0	0.0	0.0	0.0	0.0	0.0	0.0	0.0	0.0	0.0	0.0	0.0	0.0	0.0	0.0	0.0	0.0	0.0	0.0	0.0	0.0	0.0	0.0	0.0	0.0	0.0	0.0	0.0	0.0	0.0	0.0	0.0	0.0	0.0	0.0	0.0	0.0	0.0	0.0	0.0	0.0	0.0	0.0	0.0	0.0	0.0	0.0	0.0	0.0	0.0	0.0	0.0	0.0	0.0	0.0	0.0	0.0	0.0	0.0	0.0	0.0	0.0	0.0	0.0	0.0	0.0
335.39505215167037	-1.2127264666461317	112489.84100782168	1.4707054829040107	238.40215885942413	-0.8138098744458659	56835.5893488341	0.662286511745596	230.10190656752	-1.5189946541576944	2.307344759359653	52946.887406007714	0.973766	45.508121	0.16094884999999998	-0.0404851594	-0.0504093952	0.008413867700000001	0.0156353095	-0.025534523599999998	0.022405845499999997	0.046583603099999996	0.0757957824	-0.0510145591	-0.0706704167	-0.012460048100000001	-0.0255926947	0.0505432484	0.015331846100000001	-0.0337519977	0.016780418000000002	-0.0062599872	0.0016827379	-0.0533266763	0.025879266499999998	0.012003916299999999	0.0428399791	0.025714419199999998	0.0052243804999999996	0.031154653799999998	-0.0554359637	-0.038580225600000004	0.002157792	-0.0400810762	-0.1041561833	-0.08882419720000001	0.0451342282	-0.0389342976	-0.0353679538	-0.0474645044	-0.1006595704	-0.0391879539	0.0032455991999999997	-0.1077802562	-0.0333377221	0.0957338695	0.0309951477	0.1041755513	0.020488451499999998	-0.0727808247	0.11866112150000001	-0.0161089263	-0.0235643466	0.0675828384	0.0043186913	0.0001633195	0.0509557467	-0.0603369361	0.0198978741	-0.024797887400000003	0.034339309	-0.0788503641	0.0072209981999999985	-0.108575875	0.0352082619	0.0082622884	-0.0134572646	-0.009801116300000001	0.0259117443	-0.0225383681	-0.0479537927	-0.0005877685	-0.0105881839	-0.053445622000000005	0.005546340899999999	-0.0596467382	0.0041365175	0.0819518472	0.0056470668	0.0140450344	-0.003973893	0.065752354	0.0004405336	0.059387483	0.1061349008	0.0806848555	0.0124554714	-0.0349242767	0.0869342949	-0.0165412091	-0.105891943	0.0331251573	0.0463768105	-0.0259623092	0.011421670600000001	0.0017959988	-0.0491117037	-0.0640337743	0.10876384130000001	0.069876051	0.1139412933	0.0447297951	-0.0370872302	-0.023583553900000002	0.012378199099999999	-0.0328951347	0.11454214310000001	0.1021549185	-0.0566881805	-0.023625687700000002	0.08553752619999999	-0.0808242521	0.013157031000000001	0.0647581913	-0.09223330880000001	0.0478679739	0.0337816886	-0.0938006	0.00737539999999999	0.008798552560360003	5.439652515999986e-05	-0.17891700000000002	-0.03200300000000006	0.0010241920090000038	0.03201129288900001	-0.0251705	-0.030828650000000006	0.0009504056608225	0.0006335540702500001	0.000463369	0.000586816	2.14710830161e-07	3.44353017856e-07	0.00213469	0.0006908299999999999	4.772460888999999e-07	4.5569013961e-06	-0.00273565	-0.0005371899999999999	7.4837809225e-06	2.885730960999999e-07	0.0	0.0	0.0	0.0	0.0	0.0	0.0	0.0	0.0	0.0	0.0	0.0	0.0	0.0	0.0	0.0	0.0	0.0	0.0	0.0	0.0	0.0	0.0	0.0	0.0	0.0	0.0	0.0	0.0	0.0	0.0	0.0	0.0	0.0	0.0	0.0	0.0	0.0	0.0	0.0	0.0	0.0	0.0	0.0	0.0	0.0	0.0	0.0	0.0	0.0	0.0	0.0	0.0	0.0	0.0	0.0	0.0	0.0	0.0	0.0	0.0	0.0	0.0	0.0	0.0	0.0	0.0	0.0	0.0	0.0	0.0	0.0	0.0	0.0	0.0	0.0	0.0	0.0	0.0	0.0	0.0	0.0	0.0	0.0	0.0	0.0	0.0	0.0	0.0
336.8161826570788	1.4211305054084278	113445.14089968668	2.019611913402413	238.0729052098684	-0.3292536495557385	56678.708195066974	0.10840796574577308	230.71830457473047	0.6163980072104494	0.3799465032930132	53230.93606583808	1.14906	53.700321	0.65624632	-0.0114951783	0.0856512908	0.0124853465	0.0038548048999999997	0.0277745404	-0.046242139	-0.0380151125	0.0316361536	0.0447461584	-0.0069823030000000005	0.0804804729	0.0056364127	0.0482318796	0.0156171591	0.0011336108	0.0547341323	0.0377088249	0.1211211035	-0.0297999756	-0.061203969800000015	0.1170060027	-0.0283281048	-0.0160885757	0.04502255610000002	0.008413474300000001	-0.0345347134	0.053392910599999996	-0.0198421469	0.038866256	0.0717968989	-0.0511375699	-0.0559102326	0.102435941	0.010153225600000001	-0.1090649261	0.07532643730000001	0.0009668146000000001	-0.1591742519	0.0865672249	-0.05926587320000001	-0.0363623598	0.0483385105	0.003237743	0.0008782485	-0.0200797133	0.0315144459	0.0586051217	0.0548881906	-0.0266956866	0.0147001566	0.058981968600000004	0.0336871709	0.0005344861	-0.039772861	0.045715963	0.0002648226	-0.034375605	-0.057585575599999994	0.0492476628	0.037512447000000004	-0.056782765199999995	-0.0251052892	0.0285460076	0.0164477552	0.0632000435	-0.0155661517	-0.13410535140000002	-0.0736401478	0.007630741	-0.08257583240000001	0.014475828	-0.029795236099999997	0.0042245589000000005	-0.0237853116	0.011261966100000001	0.0295042837	-0.1362023526	-0.044460270700000006	0.0224037958	-0.0692852838	-0.0159333186	-0.0938141155	0.1278203362	0.02789996	0.1790127866	-0.0485381079	-0.051198848600000006	-0.023657746400000002	-0.1481423602	0.0584331917	0.0754557156	0.1126736625	0.08312057169999999	-0.0050461109	-0.0262600547	-0.0427554396	-0.0240967832	0.010552296499999999	0.0047630665	0.009830061800000001	0.002144615	-0.053517046900000004	-0.1040975017	-0.0576786922	-0.0211855248	0.0840003732	-0.0831796512	0.0193451075	0.0591445729	-0.09282851630000001	0.056189015300000006	0.0230172018	-0.29323	-0.1994294	0.08598383289999999	0.03977208558435999	-0.00789928	0.17101772	0.029247060553998408	6.23986245184e-05	-0.120886	-0.0957155	0.00916145694025	0.014613424995999998	0.000234715	-0.000228654	5.5091131225e-08	5.228265171599999e-08	-0.00112184	-0.00325653	1.0604987640899997e-05	1.2585249856e-06	-0.00305214	-0.00031649	9.3155585796e-06	1.001659201e-07	0.0	0.0	0.0	0.0	0.0	0.0	0.0	0.0	0.0	0.0	0.0	0.0	0.0	0.0	0.0	0.0	0.0	0.0	0.0	0.0	0.0	0.0	0.0	0.0	0.0	0.0	0.0	0.0	0.0	0.0	0.0	0.0	0.0	0.0	0.0	0.0	0.0	0.0	0.0	0.0	0.0	0.0	0.0	0.0	0.0	0.0	0.0	0.0	0.0	0.0	0.0	0.0	0.0	0.0	0.0	0.0	0.0	1.0	0.0	0.0	0.0	0.0	0.0	0.0	0.0	0.0	0.0	0.0	0.0	0.0	0.0	0.0	0.0	0.0	0.0	0.0	0.0	0.0	0.0	0.0	0.0	0.0	0.0	0.0	0.0	0.0	0.0	0.0	0.0
323.83570025178693	-12.980482405291864	104869.5607575652	168.49292347409167	235.91449629446103	-2.1584089154073642	55655.649561869264	4.658729046109992	227.34336049506112	-3.374944079669348	11.390247540895182	51685.00356118732	1.244959	58.182087	0.33315162000000004	0.047286204500000005	0.0398110534	-0.216872583	0.060713998	0.1165824541	-0.177820778	0.1239324166	-0.0651363531	0.0033585517	-0.1072139424	-0.0044112728	0.0051510921	-0.0250953337	0.0631447658	0.013521026399999999	0.1572713309	0.012351243799999998	0.0044006016	-0.023716982200000004	0.0600554117	0.0113504756	0.0686837445	-0.040746930099999995	0.055962476100000005	0.0256347073	0.0005513022	-0.068213195	-0.0568373867	0.10051957119999999	-0.0100766398	-0.012489626200000001	-0.0963870522	0.026631568799999998	0.1016668748	-0.0409018756	0.037642186099999995	0.1028018022	-0.010954911299999998	0.0461695616	0.0551885546	-0.0297900099	0.102566351	-0.0468011071	-0.0036425734	-0.1456549946	0.0336218642	0.0351995041	-0.0988734514	-0.057330143300000004	0.18886758210000001	0.063369815	-0.11949924529999999	0.0030275134	-0.1102690527	0.1507860094	-0.14933289130000002	0.0029589418	0.005403146	-0.0863345084	0.0527642788	-0.008437165600000001	0.0625108435	-0.0609947847	0.14530869300000002	-0.0040780105	-0.023671346800000003	0.0039668501	-0.07584550429999999	-0.019393609	0.0463345828	-0.0417058395	-0.11867065939999999	-0.027001296	-0.0507281371	-0.0305105878	-0.027386120899999998	-0.0565892746	0.0272496714	0.0120354896	0.0341229045	-0.1028084351	0.0392050054	0.008118406600000001	-0.085612182	-0.0081091477	-0.1014648315	0.0037618212	-0.0507065716	-0.0465843929	0.0430135046	-0.0621987039	0.0341258786	-0.09091273220000001	-0.05838354320000001	-0.040958094	0.0270584607	-0.1384846656	0.0321594712	0.0088997162	-0.059146772800000004	-0.0357710073	-0.0136688973	0.0571155448	-0.0586586275	-0.018729823899999998	0.0823246123	-0.08529107009999999	0.025444536	0.053140741	-0.09259028039999999	0.0638512918	0.0119112676	-0.233198	0.060032	0.054381307204	0.003603841024	-0.0302589	-0.02235962	0.0004999526065443999	0.00091560102921	-0.276804	-0.155918	0.024310422724	0.07662045441599999	0.000846473	0.000611758	7.165165397290002e-07	3.74247850564e-07	-0.000153938	0.000967902	9.368342816040001e-07	2.3696907844e-08	-0.00336932	-0.0003171799999999998	1.1352317262399997e-05	1.0060315239999989e-07	0.0	0.0	0.0	0.0	0.0	0.0	0.0	0.0	0.0	0.0	0.0	0.0	0.0	0.0	0.0	0.0	0.0	0.0	0.0	0.0	0.0	0.0	0.0	0.0	0.0	0.0	0.0	0.0	0.0	0.0	0.0	0.0	0.0	0.0	0.0	0.0	0.0	0.0	0.0	0.0	0.0	0.0	0.0	0.0	0.0	0.0	0.0	0.0	0.0	0.0	0.0	0.0	0.0	0.0	0.0	0.0	0.0	0.0	0.0	0.0	0.0	0.0	0.0	0.0	0.0	0.0	0.0	0.0	0.0	0.0	0.0	0.0	0.0	0.0	0.0	0.0	0.0	0.0	0.0	0.0	0.0	0.0	0.0	0.0	0.0	0.0	0.0	0.0	0.0
337.47576811068484	13.640067858897908	113889.89406189672	186.05145119533972	238.75144711136815	2.83695081690712	57002.25349777242	8.048289937549972	230.07016660027446	2.726806105213342	7.435471535428755	52932.28155947805	1.262076	58.982021	0.4033498635000001	0.019237253200000002	-0.1101692274	-0.0901074633	-0.10402753349999999	-0.0110096735	-0.0269734931	0.0142468645	-0.0160309391	-0.1018559447	0.1462147876	-0.10620006929999999	-0.0197658538	0.0261470673	0.13367431429999999	0.042760714500000005	0.054551907999999996	-0.026488633799999998	-0.059374661900000014	0.0092891126	-0.0149055503	-0.1346753538	-0.1051327355	0.0069331320999999994	-0.1513606331	0.0371943615	-0.06003305690000001	0.0370895839	0.022942154399999998	-0.0762273505	0.0236477406	-0.0834856036	0.06925614320000001	0.045732329800000006	0.05947133950000001	-0.0211936013	-0.05393453	0.012353981799999999	-0.0158516326	-0.0604433271	0.037172983300000004	0.0101543902	-0.0528390824	0.0077209773	0.0320027535	0.1240926797	0.0356881796	0.0210727474	-0.10094686119999999	0.0886815932	-0.076485873	-0.028596199	-0.12947192119999998	-0.006416861899999999	0.008735560699999999	0.0315095052	0.0403520967	0.0023122516	0.11007080970000001	0.0321329415	-0.1120281592	0.0390899338	-0.07124094389999999	-0.1379888865	0.0632528072	-0.0484940328	-0.0388930843	0.0432758677	0.0576810033	0.0898648316	0.0471416937	0.0407624236	0.15491741480000001	-0.0607000114	0.0984385165	-0.0694667402	0.021642165699999997	0.0063355188	0.0439500291	0.040168937099999996	0.0111039596	-0.0340019212	-0.06740335759999999	-0.005606064399999999	0.0368626206	-0.0577471289	0.0467310661	0.056638798399999996	0.0271961418	-0.0840598424	-0.0223894613	-0.0157302736	-0.09419733	-0.0456549404	-0.0424342408	0.0220855482	0.0332358268	0.03521783	0.1319562923	-0.07425883	0.1241514584	0.0040365002	-0.05484618	-0.0057907522	-0.059627806900000004	-0.016260386	0.0805130088	-0.08715231550000001	0.0314273661	0.0467863066	-0.09152074019999999	0.07076497030000001	0.0006286365	0.0563489	0.2895469	0.0031751985312099998	0.08383740729960999	-0.0104402	0.0198187	0.00039278086969	0.00010899777604	-0.327346	-0.05054200000000003	0.002554493764000003	0.10715540371600002	0.000456045	-0.0003904280000000001	2.07977042025e-07	1.5243402318400007e-07	5.58927e-06	0.00015952727	2.54489498736529e-08	3.1239939132900004e-11	-0.00305043	0.0003188900000000001	9.3051231849e-06	1.0169083210000004e-07	0.0	0.0	0.0	0.0	0.0	0.0	0.0	0.0	0.0	0.0	0.0	0.0	0.0	0.0	0.0	0.0	0.0	0.0	0.0	0.0	0.0	0.0	0.0	0.0	0.0	0.0	0.0	0.0	0.0	0.0	0.0	0.0	0.0	0.0	0.0	0.0	0.0	0.0	0.0	0.0	0.0	0.0	0.0	0.0	0.0	0.0	0.0	0.0	0.0	0.0	0.0	0.0	0.0	0.0	0.0	0.0	0.0	0.0	0.0	0.0	0.0	0.0	0.0	0.0	0.0	0.0	0.0	0.0	0.0	0.0	0.0	0.0	0.0	0.0	0.0	0.0	0.0	0.0	0.0	0.0	0.0	0.0	0.0	0.0	0.0	0.0	0.0	0.0	0.0
335.4218357557492	-2.053932354935625	112507.8079017568	4.218638118651404	239.6087570425209	0.8573099311527415	57412.356451461805	0.7349803180531183	231.44255635268803	1.372389752413568	1.8834536325297744	53565.65689106718	1.218314	56.936836	0.4095730865	0.0911129031	-0.071645086	0.0348874948	0.0354723014	0.009471126600000001	0.113991596	-0.023689657200000002	-0.0327211809	-0.0869599017	0.0651875884	-0.0376850676	0.10214989949999999	0.0108949586	-0.0031518173	-0.0514805237	-0.0364062891	0.0112762255	0.0011463549000000001	0.1425412151	-0.057432130199999994	-0.1128382268	0.0561780795	0.0341270404	-0.0955924787	-0.09919787349999999	0.1095898192	0.0296446266	-0.0240737236	0.1200829632	-0.0301007125	-0.0210462333	-0.057486685499999995	0.0732684235	-0.1834229105	0.0416803696	-0.0437266184	0.0331778263	0.022057412999999998	-0.1150393313	-0.08576663150000001	0.0039633221000000005	0.093931374	-0.015971518100000002	0.009979959	0.0198900644	-0.1040807451	0.0278946531	-0.09785851570000001	-0.0199679129	-0.0665015024	-0.0194572066	0.039632905	0.0643981633	-0.0050637291999999995	-0.09983374589999999	0.0737339695	0.06437102980000001	0.1009491112	0.010302107900000001	-0.0679756958	-0.0633973417	0.011873856399999999	-0.0027826014	-0.1215255232	0.016957453100000002	0.0845676823	0.0389390179	-0.0009029104	0.09592424460000001	0.08274686	-0.10261034	0.0769724721	0.0328111013	0.07280207129999999	0.0630357396	-0.016431928000000002	-0.0506604642	0.09813838429999999	-0.0715023869	-0.1893456931	0.0395608847	0.00027585180000000003	0.021315822	0.055508571900000005	-0.10428087679999999	-0.0309798063	-0.0555613455	-0.07511553900000001	-0.0542820718	-0.0240192665	-0.0017059689	-0.0252190211	0.1283691327	-0.10960394220000001	0.0905539541	-0.0184449421	0.012568289199999999	-0.0095408797	-0.0029015140999999996	-0.10866485869999999	-0.09603183900000001	-0.0518699371	-0.010050692	-0.0605860527	-0.0137790222	0.0785685519	-0.0887579282	0.0372661819	0.0401231939	-0.0896294983	0.07684899419999999	-0.0106633201	0.113481	0.057132100000000005	0.012877937361000001	0.00326407685041	-0.186512	-0.17607179999999995	0.03100127875523999	0.034786726144	-0.246385	0.08096100000000002	0.0065546835210000065	0.060705568225	0.000275182	-0.000180863	7.5725133124e-08	3.271142476899999e-08	0.0012178	0.0012122107300000001	1.4694548539271327e-06	1.48303684e-06	-0.00253534	0.0005150899999999997	6.4279489156e-06	2.6531770809999964e-07	0.0	0.0	0.0	0.0	0.0	0.0	0.0	0.0	0.0	0.0	0.0	0.0	0.0	0.0	0.0	0.0	0.0	0.0	0.0	0.0	0.0	0.0	0.0	0.0	0.0	0.0	0.0	0.0	0.0	0.0	0.0	0.0	0.0	0.0	0.0	0.0	0.0	0.0	0.0	0.0	0.0	0.0	0.0	0.0	0.0	0.0	0.0	0.0	0.0	0.0	0.0	0.0	0.0	0.0	0.0	0.0	0.0	0.0	0.0	0.0	0.0	0.0	0.0	0.0	0.0	0.0	0.0	0.0	0.0	0.0	0.0	0.0	0.0	0.0	0.0	0.0	0.0	0.0	0.0	0.0	0.0	0.0	0.0	0.0	0.0	0.0	0.0	0.0	0.0
333.3475804787489	-2.0742552770003044	111120.60941103597	4.30253495416361	238.80906379664702	-0.7996932458738684	57029.76895143103	0.6395092874962833	230.98464387833542	-0.4579124743526109	0.20968383416773048	53353.905707601436	1.210216	56.558372	0.5854304000000001	-0.04243453269999999	0.0839488377	-0.013601056799999999	0.07693289980000001	-0.0417661032	-0.0066054433	-0.0001657433	-0.070279036	0.0424737839	-0.105906285	-0.0062406514	0.0789547724	0.0279104186	-0.044578993399999996	0.048791939299999997	-0.055826434400000007	-0.0454284837	0.141335936	0.027826945699999998	0.1006618436	-0.0434779655	-0.044635055300000004	-0.0137472277	-0.025389757599999997	0.06922753129999999	-0.08431265539999999	-0.0170422763	0.1175801306	0.0165345584	-0.0383774555	0.0646644162	-0.0744181544	0.0706056068	0.0162122203	-0.0940994383	-0.11539183550000001	-0.0706957795	-0.0287599123	0.0852243586	-0.0885637061	0.063903196	-0.0258108795	0.040715325	-0.0994376205	-0.0411154742	0.059591563	-0.0650294135	0.0806325878	-0.0132202513	0.0874387872	0.0218459485	-0.0244731685	0.06568118349999999	0.045080637	-0.0092831459	-0.0404208961	0.0736381366	-0.0463389025	-0.0822852634	0.0016846567000000001	-0.06175082480000001	0.0660582996	0.024864791400000003	0.0004265653	0.0415661355	0.1385041323	-0.1151368891	0.0315387164	-0.038599005	-0.05281586940000002	0.035652886200000004	0.031340018	0.0441207988	-0.0143604418	0.0637661784	0.014067693899999999	0.0509866268	-0.0768892413	0.056205209699999994	0.0021758347	-0.0229153206	-0.1079074557	0.0323676205	-0.050693038499999996	0.0458994289	-0.0862972741	0.1300813482	0.0180980334	0.005556095600000001	-0.0877574186	-0.1615573528	0.0007772447	0.0469887282	0.0011077118	-0.0994430848	-0.062583213	-0.0200294899	0.0828937551	0.0551019913	-0.045161198	-0.12378888789999999	0.0918964803	0.047435774699999995	-0.061533189	-0.0112875526	0.0764944501	-0.09010319859999999	0.042934227199999994	0.0331953636	-0.0869335349	0.0820320339	-0.021797092400000002	-0.13369600000000004	-0.24717700000000006	0.01787462041600001	0.061096469329000015	-0.303977	-0.117465	0.013798026225000004	0.09240201652899999	-0.139205	0.10718	0.0114875524	0.019378032025	0.000984962	0.00070978	9.70150141444e-07	5.037876484e-07	0.000184102	-0.001033698	1.068531555204e-06	3.3893546404e-08	-0.00306403	-0.0005286900000000001	9.3882798409e-06	2.7951311610000004e-07	0.0	0.0	0.0	0.0	0.0	0.0	0.0	0.0	0.0	0.0	0.0	0.0	0.0	0.0	0.0	0.0	0.0	0.0	0.0	0.0	0.0	0.0	0.0	0.0	0.0	0.0	0.0	0.0	0.0	0.0	0.0	0.0	0.0	0.0	0.0	0.0	0.0	0.0	0.0	0.0	0.0	0.0	0.0	0.0	0.0	0.0	0.0	0.0	0.0	0.0	0.0	0.0	0.0	0.0	0.0	0.0	0.0	0.0	1.0	0.0	0.0	0.0	0.0	0.0	0.0	0.0	0.0	0.0	0.0	0.0	0.0	0.0	0.0	0.0	0.0	0.0	0.0	0.0	0.0	0.0	0.0	0.0	0.0	0.0	0.0	0.0	0.0	0.0	0.0
332.9780984651057	-0.3694820136432213	110874.41405743762	0.13651695840584954	238.55652753523617	-0.25253626141085306	56909.216829669895	0.0637745633273707	230.31664222150133	-0.6680016568340932	0.4462262135330936	53045.755684187054	1.041107	48.655231	0.3238133	-0.018112494099999998	-0.0016654151999999998	-0.0295598779	-0.0039538253999999995	-0.0242394263	-0.0267278863	0.0038296025	-0.085466162	0.08436315800000001	-0.1002909183	-0.0972501751	0.009506632099999999	0.055773506699999996	-0.0057709036	0.0069282384	0.0066974675	0.0535512121	0.004279579	0.0244087768	0.0148074327	0.0064361736	-0.09001005039999999	0.0781408232	-0.0028544402000000003	-0.13973308980000002	-0.1518537352	-0.0224956869	0.0461042776	0.0586643861	0.1105640764	0.017818701	0.11809726470000001	-0.040695073	-0.0439257553	0.0155287691	0.10943702279999999	-0.0390395046	0.0292237381	0.0155825217	-0.0203867142	-0.0318901077	-0.1479080994	0.014902693500000001	0.042985111799999996	0.011751091799999999	0.1281575872	0.0035961288	0.039859434	-0.0240347687	0.0208352348	-0.0233021687	-0.0788061185	0.0707490473	0.032729034	0.0108600794	-0.09560011060000001	0.0751419402	-0.09097799150000001	-0.09005461	-0.0391806055	-0.0225992979	-0.0591971079	0.0082620576	-0.016369677	-0.0233342332	-0.0750733694	-0.035941395200000004	-0.0667063889	0.043235026600000004	0.024534927400000003	0.026090392900000002	0.17862364149999999	0.05553262230000002	-0.2021668609	-0.0724591616	0.0486315903	0.0541365462	-0.0742980733	0.1317568438	-0.1658738856	0.0602034859	0.06359880309999999	-0.060711274100000004	-0.0150974279	0.0758949714	0.0381379244	-0.0340455765	-0.020823455600000002	-0.007958643199999999	-0.028038513199999997	-0.0909243291	-0.0209863518	0.0192113922	0.0571821567	-0.0137850529	-0.0459344122	-0.0341399089	-0.0454948082	0.0243617811	0.0584243045	0.026318703	-0.0763466566	0.0215948204	-0.06246904230000001	-0.0087878044	0.0742941259	-0.0911841808	0.0484055284	0.0260485229	-0.08345705519999999	0.0862533231	-0.0326075169	-0.106539	0.027157000000000032	0.011350558521000002	0.0007375026490000014	-0.406254	-0.10227699999999999	0.010460584729	0.16504231251600002	-0.146827	-0.007621999999999991	5.809488399999985e-05	0.021558167928999998	0.0024498	0.0014648380000000002	6.0015200400000024e-06	2.145750366244001e-06	0.00158259	0.0013984879999999998	1.955768686144e-06	2.5045911081e-06	-0.00393585	-0.0008718200000000001	1.5490915222500002e-05	7.600701124000002e-07	0.0	0.0	0.0	0.0	0.0	0.0	0.0	0.0	0.0	0.0	0.0	0.0	0.0	0.0	0.0	0.0	0.0	0.0	0.0	0.0	0.0	0.0	0.0	0.0	0.0	0.0	0.0	0.0	0.0	0.0	0.0	0.0	0.0	0.0	0.0	0.0	0.0	0.0	0.0	0.0	0.0	0.0	0.0	0.0	0.0	0.0	0.0	0.0	0.0	0.0	0.0	0.0	0.0	0.0	0.0	0.0	0.0	0.0	0.0	0.0	0.0	0.0	0.0	0.0	0.0	0.0	0.0	0.0	0.0	0.0	0.0	0.0	0.0	0.0	0.0	0.0	0.0	0.0	0.0	0.0	0.0	0.0	0.0	0.0	0.0	0.0	0.0	0.0	0.0
330.7132530686836	-2.2648453964220607	109371.25575527117	5.129524669694201	236.79443608562264	-1.7620914496135356	56071.604961108016	3.1049662768011315	228.3486676318837	-1.9679745896176255	3.8729239853806634	52143.11400925648	1.31685	61.541847	0.6433045000000001	0.006771669	-0.070720483	-0.046280845999999994	-0.0733330905	0.0529896974	-0.036930951000000004	0.0658932404	0.0024889024	0.010919368600000002	-0.0107478772	-0.0874981541	-0.0824193562	-0.042997325999999995	0.2239141511	-0.0297559379	-0.1365442389	0.0280151108	0.0915727508	-0.130885983	0.0528408234	-0.18027043010000002	-0.0697854155	0.2061321957	-0.0089466874	0.2216973165	0.0958347311	-0.2600927425	-0.1061724078	-0.1136196866	-0.0231537817	0.0183133997	0.0016925339	-0.06602131	0.0450907262	0.00754509	0.0549572255	0.08766452220000001	-0.0134399972	0.0171716784	0.070657972	-0.0018352803	0.0784782142	-0.041298527	-0.06605651139999999	-0.0422114672	-0.044497801	0.013327091899999999	-0.0562629933	0.0115708519	0.0113077508	-0.0421888319	-0.0871331375	-0.0389487289	-0.054761257300000005	0.0220797236	-0.059682712	-0.0307701825	-0.020245467	-0.0375184643	-0.0217478656	0.07584023549999999	0.0434758519	-0.2697508352	-0.0284313442	0.1186281674	-0.098312216	-0.0055150660999999995	0.13056854710000002	-0.13000393	0.2248464507	0.1598450092	0.0170033788	-0.12034735740000001	0.0040289746000000005	0.165836707	-0.052233584000000007	0.089302811	0.1347118359	0.0042012987	0.1427077829	0.0025059963	0.0622366623	0.06440684990000001	0.0339768916	0.0932633945	-0.0372791435	-0.052911689299999995	0.0487538627	-0.0010560498	0.1481736263	0.05235135230000002	0.0640419249	0.0330189392	-0.0017596647	0.043079772	-0.0640687483	0.0877635865	0.11534166539999999	-0.0433637134	-0.0325844896	0.0756155436	0.030115715499999998	0.068021469	-0.063393441	-0.0062816109	0.07197121	-0.09199770410000001	0.053655013700000004	0.018729823899999998	-0.0792312721	0.08946337089999999	-0.042934227199999994	-0.0792072	0.027331800000000003	0.0062737805318400005	0.0007470272912400001	-0.0388503	0.3674037	0.13498547877369	0.0015093458100900005	-0.335009	-0.188182	0.035412465124000016	0.112231030081	0.00334451	0.00089471	1.11857471401e-05	8.005059840999998e-07	0.00134009	-0.0002425000000000001	5.880625000000005e-08	1.7958412081e-06	-0.00400638	-7.053000000000007e-05	1.6051080704400007e-05	4.974480900000011e-09	0.0	0.0	0.0	0.0	0.0	0.0	0.0	0.0	0.0	0.0	0.0	0.0	0.0	0.0	0.0	0.0	0.0	0.0	0.0	0.0	0.0	0.0	0.0	0.0	0.0	0.0	0.0	0.0	0.0	0.0	0.0	0.0	0.0	0.0	0.0	0.0	0.0	0.0	0.0	0.0	0.0	0.0	0.0	0.0	0.0	0.0	0.0	0.0	0.0	0.0	0.0	0.0	0.0	0.0	0.0	0.0	0.0	0.0	0.0	1.0	0.0	0.0	0.0	0.0	0.0	0.0	0.0	0.0	0.0	0.0	0.0	0.0	0.0	0.0	0.0	0.0	0.0	0.0	0.0	0.0	0.0	0.0	0.0	0.0	0.0	0.0	0.0	0.0	0.0
338.705493070786	7.992240002102393	114721.41103632428	63.87590025120564	238.49200982401192	1.6975737383892806	56878.4387498966	2.8817565972689576	230.89883092497917	2.5501632930954656	6.50333282145151	53314.27012252212	1.309719	61.208588	0.43402282	0.0868749836	0.0155383268	0.0321787658	-0.0214591788	0.057595891399999995	0.0376856171	-0.0647646868	-0.025103158599999998	0.0121520428	0.1465384314	0.0159723353	0.008211570999999999	0.009107908100000001	0.0557102836	-0.0438549991	0.0207631574	0.1038703582	-0.021528066600000003	0.0462076221	0.025409347000000002	-0.121415045	-0.0184890617	-0.12386523210000001	-0.0640545379	-0.00030925740000000004	-0.0430542876	0.09142840039999996	0.0943124174	-0.06301900099999999	-0.0778913132	0.09037327949999999	-0.1165243433	-0.1115618064	0.07639221110000001	-0.1805977865	0.0558257324	0.0380780062	0.20316445649999998	0.0180262419	-0.029961835	-0.0598700017	0.152285117	-0.0146880555	0.0768008817	0.0414618954	-0.06457458370000001	0.07675093	-0.0218219898	-0.0492084706	-0.12270412439999999	-0.0148240052	-0.0169817684	0.046800283399999996	-0.0654165621	-0.0198548173	0.0325719712	0.040523029599999996	0.0195577662	0.1459027633	-0.0439441057	-0.0366567729	-0.0383905461	-0.0183767502	-0.0971637033	-0.016102831	-0.0481712879	0.0065822536999999995	0.0194342599	0.0064696489000000005	0.0366249971	0.017063318100000002	0.0035629876000000007	-0.1212985985	0.0196634676	0.0694624539	-0.045703174900000004	0.057549429900000004	-0.1475347994	0.0762428712	-0.0636681371	-0.0686018214	0.0053673872	-0.0248882694	0.0772565262	-0.09474755259999999	-0.0651165599	0.0658798125	-0.0530699628	0.1152013038	0.1593877483	-0.010930678000000001	-0.029020710699999997	0.11439397289999999	0.0005276447	-0.0152880091	0.09099995640000001	-0.14458756779999998	0.0908304603	-0.0034726795	-0.060056892199999996	0.0631313218	0.0024427859	-0.17414708510000002	-0.0643062155	-0.0037708103000000004	0.0695295355	-0.09254138220000001	0.0586586275	0.0112875526	-0.0742941259	0.09162454240000001	-0.0526240321	-0.00964188	0.06956532	9.29658499344e-05	0.0048393337467024	0.113328	0.1521783	0.02315823499089	0.012843235584	-0.321644	0.013365000000000016	0.00017862322500000042	0.103454862736	0.000901521	-0.002442989	8.127401134410002e-07	5.968195254121e-06	0.000686975	-0.0006531149999999999	4.265592032249999e-07	4.71934650625e-07	-0.0031242	0.0008821800000000006	9.760625639999997e-06	7.78241552400001e-07	0.0	0.0	0.0	0.0	0.0	0.0	0.0	0.0	0.0	0.0	0.0	0.0	0.0	0.0	0.0	0.0	0.0	0.0	0.0	0.0	0.0	0.0	0.0	0.0	0.0	0.0	0.0	0.0	0.0	0.0	0.0	0.0	0.0	0.0	0.0	0.0	0.0	0.0	0.0	0.0	0.0	0.0	0.0	0.0	0.0	0.0	0.0	0.0	0.0	0.0	0.0	0.0	0.0	0.0	0.0	0.0	0.0	0.0	0.0	0.0	0.0	0.0	0.0	0.0	0.0	0.0	0.0	0.0	0.0	0.0	0.0	0.0	0.0	0.0	0.0	0.0	0.0	0.0	0.0	0.0	0.0	0.0	0.0	0.0	0.0	0.0	0.0	0.0	0.0
336.2461058756517	-2.4593871951342976	113061.44371654	6.048585375590547	239.11528453482097	0.6232747108090564	57176.119298168385	0.3884713651341128	230.5011149632872	-0.3977159616919721	0.1581779861845702	53130.76399931854	1.085136	50.712872	0.21784002	0.0628115938	0.0984139058	-0.0897664025	0.012205898100000001	0.0159646354	-0.0883654957	-0.0493934641	-0.1328035762	-0.0393535744	0.0044452459	0.0638907378	0.049500731	-0.030190370499999997	-0.0023401076	-0.0339356498	-0.0585498243	-0.0562155834	-0.06907837900000001	0.0247990433	-0.0193985773	-0.0086621239	0.035260600499999996	-0.0169556866	-0.05708606	-0.13010550380000002	0.025721026	0.15485476439999998	-0.0188815648	-0.0318457755	-0.0724649233	-0.0739399462	-0.0380016699	-0.061215606799999996	-0.0336612576	-0.0023305641	0.035811579100000004	0.06709613099999999	0.188770246	0.0332407103	0.06499886190000001	-0.0642971766	-0.029496353399999998	-0.018823865	-0.0298038389	0.0007618478	0.0371899519	-0.1025796806	-0.0037497903000000003	-0.028054794900000003	0.0339728136	0.1214245283	-0.0461539158	0.0775586525	-0.0038850765	0.0933758056	-0.0297787731	0.1424164238	0.0474503933	0.0415837939	0.0462527069	-0.0536240366	0.008894081600000001	-0.011199760100000001	-0.060739136299999996	-0.0763924034	0.029839599900000006	0.056270746100000005	0.0319282901	0.0474718652	-0.0383543671	-0.09232657220000001	0.0399871031	0.0191575694	0.1317335825	-0.0227548232	-0.0617950901	-0.0775188367	-0.1204049352	0.0193545347	-0.0333664352	0.0459362371	0.0781714136	-0.0701764922	0.0013734908999999999	-0.0199761714	-0.0035891909000000002	-0.0241181358	-0.0098557998	0.0729966743	-0.0157272664	-0.0486042999	0.0527423303	0.026644619900000003	-0.0594026442	0.0913652893	-0.07624278799999999	-0.0504114097	0.052752199699999995	-0.1270484287	0.021134931699999998	-0.0063133046	-0.0006961379	0.021605994500000003	-0.0652071985	-0.0012572441	0.06697313120000001	-0.09281362060000001	0.063393441	0.0037708103000000004	-0.068689944	0.0927115	-0.061533189	0.00761373	0.01725561	5.79688845129e-05	0.0002977560764721	0.00520604	-0.10812196	0.0116903582342416	2.7102852481600006e-05	-0.288465	0.033178999999999965	0.0011008460409999972	0.08321205622500001	0.000187149	-0.000714372	3.5024748201e-08	5.10327354384e-07	0.000515898	-0.00017107700000000006	2.926733992900002e-08	2.66150746404e-07	-0.00282398	0.00030021999999999986	7.9748630404e-06	9.013204839999996e-08	0.0	0.0	0.0	0.0	0.0	0.0	0.0	0.0	0.0	0.0	0.0	0.0	0.0	0.0	0.0	0.0	0.0	0.0	0.0	0.0	0.0	0.0	0.0	0.0	0.0	0.0	0.0	0.0	0.0	0.0	0.0	0.0	0.0	0.0	0.0	0.0	0.0	0.0	0.0	0.0	0.0	0.0	0.0	0.0	0.0	0.0	0.0	0.0	0.0	0.0	0.0	0.0	0.0	0.0	0.0	0.0	0.0	0.0	0.0	0.0	0.0	0.0	0.0	0.0	0.0	0.0	0.0	0.0	0.0	0.0	0.0	0.0	0.0	0.0	0.0	0.0	0.0	0.0	0.0	0.0	0.0	0.0	0.0	0.0	0.0	0.0	0.0	0.0	0.0
334.07509718110725	-2.1710086945444687	111606.17055656627	4.713278751787678	238.1001947369686	-1.0150897978523687	56691.702733782375	1.0304072977039629	228.4096702060485	-2.0914447572386905	4.374141172581205	52170.97744363584	1.155623	54.00704200000001	0.36333526	0.1127017035	-0.0305578171	0.021246406800000003	-0.0874946749	0.0494232331	0.0296703006	-0.031257479500000004	-0.11273959630000001	0.05167833610000002	0.0836453244	-0.11404554130000001	-0.0224784962	0.0036913835999999997	-0.015642713	-0.079614803	-0.1633728475	0.0729422544	-0.0433419033	-0.06671579059999999	0.0145101326	0.0654863502	0.0777353184	-0.022712108999999998	0.056786770300000004	-0.114576375	0.0294778294	-0.0645551141	-0.0315824078	-0.040128113199999996	0.0839252988	-0.0185690206	0.0713021924	0.0364637017	0.0475497178	-0.0113706777	-0.0087401254	0.0540049387	-0.038884853	-0.0717525856	-0.0981518596	0.0044238109	-0.0184666725	0.1079665495	-0.0355844309	-0.0381330816	-0.08475208960000001	-0.1057470359	-0.0397861298	-0.0686928841	-0.1005273351	-0.051390439100000004	-0.09497495710000001	0.075622366	-0.0503958825	-0.0359880548	-0.0611094751	0.0977507732	0.0014074426999999999	0.0316754142	-0.1290028363	0.0474242083	-0.0182095801	-0.0005907971	-0.1389376933	0.0097635012	-0.1133742304	0.0380848991	0.0231558669	-0.11316724	-0.0590375199	-0.1023420022	-0.0106585375	0.039993367099999996	-0.028427147000000007	-0.0969107423	0.14872447119999999	0.0184830733	0.0475611947	-0.0056682089	0.0017109698000000002	0.0342733619	0.0186260979	0.1701764135	0.0257557518	0.0169761233	0.0298565217	-0.0657197471	-0.028114099700000002	0.0229136593	0.052254291200000004	-0.0415811053	-0.0147507114	0.047149341399999996	-0.0596694618	0.0066135840000000005	-0.1440306637	0.010472421800000001	0.0088195373	0.0304946106	-0.0799240259	-0.0830739487	0.043061234299999994	-0.0096453726	-0.0660962247	0.0012572441	0.0643062155	-0.09281362060000001	0.06783775709999999	-0.0037708103000000004	-0.06246904230000001	0.0927115	-0.0695295355	0.0324828	0.02486907	0.00105513229584	0.0006184706426649	-0.142274	-0.14748004	0.021750362198401603	0.020241891076000003	-0.390481	-0.10201599999999994	0.010407264255999988	0.152475411361	0.0012314	0.0010442510000000002	1.5163459599999996e-06	1.090460151001e-06	0.0011697	0.0006538020000000001	4.274570552040001e-07	1.36819809e-06	-0.00274263	8.135e-05	7.522019316899998e-06	6.6178225e-09	0.0	0.0	0.0	0.0	0.0	0.0	0.0	0.0	0.0	0.0	0.0	0.0	0.0	0.0	0.0	0.0	0.0	0.0	0.0	0.0	0.0	0.0	0.0	0.0	0.0	0.0	0.0	0.0	0.0	0.0	0.0	0.0	0.0	0.0	0.0	0.0	0.0	0.0	0.0	0.0	0.0	0.0	0.0	0.0	0.0	0.0	0.0	0.0	0.0	0.0	0.0	0.0	0.0	0.0	0.0	0.0	0.0	0.0	0.0	0.0	0.0	0.0	0.0	0.0	0.0	0.0	0.0	0.0	0.0	0.0	0.0	0.0	0.0	0.0	0.0	0.0	0.0	0.0	0.0	0.0	0.0	0.0	0.0	0.0	0.0	0.0	0.0	0.0	0.0
333.3600000422328	-0.7150971388744551	111128.88962815746	0.5113639180264318	237.91446669824245	-0.18572803872615395	56603.29346430912	0.034494904369063745	229.37719141285373	0.9675212068052303	0.9360972856178492	52613.895940448936	1.222625	57.138302	0.3865498	0.11290705179999999	-0.0666802628	0.019666454099999998	0.047713422400000004	0.0811886434	0.10363519789999999	0.029911956099999998	-0.0579848833	-0.0601145509	0.0041710291	-0.0201389692	0.0061864268	-0.005449173199999999	0.0497217219	0.1063652678	0.021206657	-0.0654755516	-0.0299733667	-0.0198497092	-0.10899034390000001	0.0407780658	-0.0382461137	0.010167495300000001	0.090017598	0.056051900999999994	0.0609334221	-0.034824805699999996	0.08704853109999999	0.023983392599999997	0.0153852717	0.1104208334	-0.0024391312	0.013246528300000001	-0.0098113491	0.1486512771	-0.0013790018	0.0529344475	-0.0266707418	0.0326627734	-0.0586645118	-0.0848977601	-0.0110753173	0.0322907383	0.09329285960000001	0.1004503033	-0.076372572	-0.030637081099999998	-0.1122209264	-0.0405732298	-0.0399293012	0.0164862674	0.0537836029	0.016486178799999997	-0.0747469444	-0.10691678880000001	-0.002747443	0.0543529103	0.064124582	-0.024383759900000003	-0.0065800871	0.0335848355	-0.0546679221	-0.0560600257	0.0963907985	0.022486709599999998	0.0305934819	0.0111599172	-0.0138391195	0.1126779792	-0.0181815179	0.0633935942	-0.1119369392	-0.0049899378	-0.011398967099999999	0.1026232858	0.0240890344	0.0216693704	0.0021454208999999998	-0.107712894	-0.08749615820000001	-0.1305020922	0.0293913452	0.0179235783	0.058603959800000015	-0.04864677480000002	0.1117532495	0.0614056597	-0.013500988	0.13871906039999998	-0.0703356379	0.0403694756	-0.0392183969	-0.0429971729	0.021017437400000002	-0.0717833279	0.0487476674	0.0561953641	0.0427972856	0.099316457	-0.0014705043	-0.034033456499999996	-0.026052344300000002	-0.013790133999999999	-0.06697313120000001	0.0037708103000000004	0.061533189	-0.09254138220000001	0.07197121	-0.0112875526	-0.0556872742	0.09162454240000001	-0.0764944501	-0.105973	-0.1384558	0.011230276728999998	0.01917000855364	-0.190827	-0.04855299999999999	0.0023573938089999987	0.036414943929	-0.499943	-0.10946200000000006	0.011981929444000013	0.24994300324900004	0.00256671	0.00133531	6.588000224099998e-06	1.7830527961e-06	0.00160345	0.00043374999999999984	1.8813906249999987e-07	2.5710519025e-06	-0.00277515	-3.252000000000029e-05	7.7014575225e-06	1.0575504000000189e-09	0.0	0.0	0.0	0.0	0.0	0.0	0.0	0.0	0.0	0.0	0.0	0.0	0.0	0.0	0.0	0.0	0.0	0.0	0.0	0.0	0.0	0.0	0.0	0.0	0.0	0.0	0.0	0.0	0.0	0.0	0.0	0.0	0.0	0.0	0.0	0.0	0.0	0.0	0.0	0.0	0.0	0.0	0.0	0.0	0.0	0.0	0.0	0.0	0.0	0.0	0.0	0.0	0.0	0.0	0.0	0.0	0.0	0.0	0.0	0.0	0.0	0.0	0.0	0.0	0.0	0.0	0.0	0.0	0.0	0.0	0.0	0.0	0.0	0.0	0.0	0.0	0.0	0.0	0.0	0.0	0.0	0.0	0.0	0.0	0.0	0.0	0.0	0.0	0.0
330.45909109274226	-2.9009089494905425	109203.21088584133	8.415272733234323	237.64475651613847	-0.269710182103978	56475.03029961474	0.07274358233056097	228.22760361301673	-1.1495877998370077	1.321552109534092	52087.83905094028	1.062446	49.6525	0.15811354999999996	0.1160925108	0.0352736726	0.0152203354	0.1009298853	0.1141466709	0.0796162266	0.0036447953000000003	-0.10263422189999999	-0.0032705098	0.0043702493	0.0677195017	0.0759310454	0.041951799299999995	0.046148437199999996	0.0704896642	-0.0208883983	-0.10050653710000004	0.0171929559	-0.10967130580000001	-0.0381328081	-0.0635343935	0.0803217609	-0.061987012599999995	0.0145964389	0.0038034824	0.0262587523	0.041766088199999996	0.0052022802	0.0415916225	0.0209643468	0.13345123220000002	0.0250374019	-0.027397442299999998	-0.07109072849999999	0.0653722864	-0.070318083	-0.0630716739	0.07040780740000001	0.0691986768	0.0054539877	0.0656261234	-0.00539944	-0.0192906015	-0.0598272648	0.0601032454	0.0524328205	-0.11940940609999999	-0.0552030883	-0.10608668	0.025923360899999998	0.049496064699999995	0.0639097625	0.0954588968	-0.1019297292	-0.0818198936	-0.0336865568	0.08783780109999999	0.0376867527	0.0242133149	0.011562611499999998	-0.08778336119999999	-0.0653617482	-0.0458290115	0.0274204029	-0.026904093599999998	-0.011094023100000001	-0.0805602534	0.1882287105	-0.017850207	-0.0161785987	-0.0304220262	-0.0606643454	-0.0190686677	-0.0648825763	0.011963781000000001	-0.0339947421	0.0516242559	-0.0403700326	-0.0396646552	-0.0219388704	-0.0483505114	-0.049723476100000004	-0.0621565084	-0.0995606383	-0.048175056200000003	-0.04028936	-0.0685588198	-0.022963361600000003	-0.155449538	-0.082140097	0.054786376799999995	0.0405914019	-0.036857489900000005	0.1100280924	0.09602202650000001	0.018418408100000002	0.1270461491	-0.0389811619	-0.002094214	-0.028484531	0.031826470499999995	0.014755843400000001	0.0697499984	-0.06783775709999999	0.0062816109	0.0586586275	-0.09199770410000001	0.0757748583	-0.018729823899999998	-0.0484055284	0.08946337089999999	-0.0823246123	-0.113299	-0.007325999999999998	0.012836663401	5.367027599999999e-05	-0.144894	0.045933	0.0021098404889999998	0.020994271236	-0.542531	-0.04258799999999996	0.0018137377439999965	0.294339885961	0.00295687	0.00039016000000000007	8.7430801969e-06	1.5222482560000005e-07	0.0007523589999999998	-0.0008510910000000003	7.243558902810004e-07	5.660440648809995e-07	-0.00277107	4.080000000000057e-06	7.6788289449e-06	1.6646400000000454e-11	0.0	0.0	0.0	0.0	0.0	0.0	0.0	0.0	0.0	0.0	0.0	0.0	0.0	0.0	0.0	0.0	0.0	0.0	0.0	0.0	0.0	0.0	0.0	0.0	0.0	0.0	0.0	0.0	0.0	0.0	0.0	0.0	0.0	0.0	0.0	0.0	0.0	0.0	0.0	0.0	0.0	0.0	0.0	0.0	0.0	0.0	0.0	0.0	0.0	0.0	0.0	0.0	0.0	0.0	0.0	0.0	0.0	0.0	0.0	0.0	0.0	0.0	0.0	0.0	0.0	0.0	0.0	0.0	0.0	0.0	0.0	0.0	0.0	0.0	0.0	0.0	0.0	0.0	0.0	0.0	0.0	0.0	0.0	0.0	0.0	0.0	0.0	0.0	0.0
339.7761158956515	9.317024802909259	115447.8089331352	86.80695117802631	238.74565693432854	1.1009004181900648	56999.48870500409	1.21198173077106	230.50011398935777	2.272510376341046	5.1643034105777215	53130.302549106935	1.624097	75.90074200000002	0.9805457	-0.0225980239	0.08728767039999999	0.0409244765	-0.084855821	-0.023270179300000002	-0.0420965567	-0.08659247070000001	-0.0060110113	0.0918986302	0.09381924720000001	0.0309956811	-0.0240925961	0.0013743486999999999	-0.10251955900000001	-0.0076914346	-0.0385537598	0.112324514	0.07953625809999999	0.0872140867	0.0237040089	-0.1321270749	-0.0795626503	-0.0675517088	-0.1232068254	0.09989933220000001	-0.0023416310000000003	-0.0766189346	0.0366275259	0.0327138941	0.0846162023	-0.0740040681	-0.0076038781	-0.0044970078	-0.0006044823	0.09996962390000001	-0.1343831113	-0.0079978306	0.0346464556	0.09501545199999999	0.1034280235	0.0985493695	0.0863614303	-0.0686320867	-0.055863685999999996	-0.0322057111	-0.0561856958	0.0337200635	0.1422481375	-0.0431130358	-0.0775788483	-0.0091392643	-0.0801356901	0.006230411	0.0198288177	0.0461314501	0.0046496872	0.0239384698	-0.041379219	0.1171655922	-0.0153391344	0.030120848199999998	0.012322561499999999	0.1060837227	-0.10636375279999999	0.0681391648	0.0193534673	-0.0232003829	0.0233321893	-0.0031505278000000005	0.0480683957	0.0223619572	0.1044203869	-0.1192290651	0.030188936	0.0247541067	0.0292675543	-0.0096593578	0.0904912922	-0.0463719483	0.050574460999999994	-0.1383834444	-0.028587378599999998	-0.0802421715	-0.0208928354	-0.036080852000000004	-0.1311615882	0.0122790725	0.14928187539999999	0.0287221267	-0.05282383190000002	-0.027181106200000003	0.0409356542	-0.0150682592	0.0124401079	-0.037078100600000004	0.0272356715	0.0884294485	0.0070448526	0.0728449006	0.1495590081	0.11585313960000004	-0.0256461632	0.0046548832	-0.068689944	0.0087878044	0.0556872742	-0.0911841808	0.0792312721	-0.0260485229	-0.0406891827	0.0862533231	-0.0869335349	-0.0273046	0.0859944	0.0007455411811599999	0.00739503683136	0.0789903	0.2238843	0.05012417978648999	0.00623946749409	-0.0648379	0.4776931	0.22819069778761	0.004203953276410001	0.00016141	-0.00279546	2.60531881e-08	7.814596611600001e-06	0.000459561	-0.00029279799999999977	8.573066880399986e-08	2.11196312721e-07	-0.00199985	0.00077122	3.9994000225000015e-06	5.947802884e-07	0.0	0.0	0.0	0.0	0.0	0.0	0.0	0.0	0.0	0.0	0.0	0.0	0.0	0.0	0.0	0.0	0.0	0.0	0.0	0.0	0.0	0.0	0.0	0.0	0.0	0.0	0.0	0.0	0.0	0.0	0.0	0.0	0.0	0.0	0.0	0.0	0.0	0.0	0.0	0.0	0.0	0.0	0.0	0.0	0.0	0.0	0.0	0.0	0.0	0.0	0.0	0.0	0.0	0.0	0.0	0.0	0.0	0.0	0.0	0.0	1.0	0.0	0.0	0.0	0.0	0.0	0.0	0.0	0.0	0.0	0.0	0.0	0.0	0.0	0.0	0.0	0.0	0.0	0.0	0.0	0.0	0.0	0.0	0.0	0.0	0.0	0.0	0.0	0.0
335.96726158541304	-3.808854310238473	112874.00085720135	14.507371156622195	239.19450870589455	0.4488517715660123	57214.01299505426	0.20146791283794768	230.2233513844183	-0.2767626049394778	0.07659753949288546	53002.79152267334	1.221527	57.087017	0.3192521	-0.047658529299999995	-0.0215773458	-0.0106742178	-0.0980698126	-0.0698819324	-0.0506484397	-0.029918808300000002	-0.011276988100000001	0.0117068485	0.0735599075	-0.0696397894	-0.030502548100000002	-0.053131879800000004	-0.0310743226	0.043966245300000005	-0.07177264400000001	-0.0314615063	-0.09151575070000001	0.012876551100000001	0.0318640215	-0.054776575599999995	-0.0022579320000000003	0.0347324463	0.0343493822	-0.0587162669	0.0362219879	0.0589008394	0.05893487150000001	0.0332914326	0.0692446663	-0.056409272999999996	0.0287135992	0.027598425899999997	0.033729200200000004	0.1213936406	0.005455739	0.046710891500000004	-0.026995784900000003	0.0114220365	0.0050989039	-0.10090933699999999	0.0846536067	-0.0330727028	-0.0853551225	0.0959889042	-0.0522925541	0.0671936541	0.047347107400000005	0.030129505600000002	-0.044737831299999996	-0.0524925977	-0.08952937720000001	-0.0174565546	0.0736926022	0.047641696500000004	0.01082292	0.0232647086	0.0214133382	0.0383814365	-0.0634655387	0.0772230528	-0.0174059117	-0.0037774276	-0.0073234518	0.0043967304999999995	0.051571709699999996	0.095249859	0.0534770896	-0.0284622302	0.01465385	0.0214423795	0.008910581800000001	0.0757409738	-0.0014263718	-0.0333541346	0.086331429	-0.031066026099999998	0.0650001333	-0.1135472575	-0.0710711604	-0.0175315381	0.0930192707	0.050887458899999995	-0.1016214949	0.027603564	0.1033597522	0.009607989499999999	0.0601183705	0.0540404242	0.0400505364	0.0244904597	0.102078494	0.06327284080000001	-0.0400510367	0.05719631	0.049889773899999997	0.014050138200000001	0.0229914965	-0.0108505474	0.0852476376	0.059511911699999996	0.0568890393	-0.032350296	-0.0695295355	0.0112875526	0.0526240321	-0.09010319859999999	0.0823246123	-0.0331953636	-0.0326075169	0.0820320339	-0.0902528472	0.0370208	0.0643254	0.0013705396326400001	0.00413775708516	-0.100491	-0.17948129999999998	0.03221353704969	0.010098441081	-0.0958733	-0.031035400000000005	0.0009631960531600004	0.009191689652890002	0.000275637	0.00011422700000000004	7.5975755769e-08	1.3047807529000006e-08	0.000451928	-7.632999999999945e-06	5.826268899999917e-11	2.0423891718400004e-07	-0.00123351	0.0007663400000000001	1.5215469200999996e-06	5.872769956000002e-07	0.0	0.0	0.0	0.0	0.0	0.0	0.0	0.0	0.0	0.0	0.0	0.0	0.0	0.0	0.0	0.0	0.0	0.0	0.0	0.0	0.0	0.0	0.0	0.0	0.0	0.0	0.0	0.0	0.0	0.0	0.0	0.0	0.0	0.0	0.0	0.0	0.0	0.0	0.0	0.0	0.0	0.0	0.0	0.0	0.0	0.0	0.0	0.0	0.0	0.0	0.0	0.0	0.0	0.0	0.0	0.0	0.0	0.0	0.0	0.0	0.0	0.0	0.0	0.0	0.0	0.0	0.0	0.0	0.0	0.0	0.0	0.0	0.0	0.0	0.0	0.0	0.0	0.0	0.0	0.0	0.0	0.0	0.0	0.0	0.0	0.0	0.0	0.0	0.0
331.8143602766457	-4.152901308767355	110100.76968579963	17.246589280361608	238.75170270492168	-0.4428060009728654	57002.375544499315	0.19607715449758129	230.04006984841405	-0.18328153600424454	0.0335921214400752	52918.43373586321	1.415488	66.151596	0.5839123500000001	-0.0238750992	-0.09037280060000001	0.07087275330000001	0.039507647	-0.044948781900000005	0.1111591881	0.0117247065	0.041494176699999996	-0.021010725	-0.0405277432	-0.0077254141	0.0078155902	-0.0153303103	-0.0057949966	-0.0290638393	0.0130208464	0.0331423685	0.011200801100000001	0.08428331230000001	0.0429027004	-0.0120632673	0.0180490821	-0.0564822024	0.0774997773	-0.1434025256	-0.0389989113	-0.0398276202	0.048508934299999994	0.09365858099999999	0.016316808000000002	0.053630051	0.0513584496	-0.14297591710000002	-0.11596541460000001	-0.0915639072	-0.0051689722	-0.0168021277	-0.1015880169	-0.0508199896	0.0058319415	-0.0276300908	-0.0070571081999999995	-0.075373572	-0.075067206	0.006160390799999999	0.0137456288	-0.1223817775	-0.0231375295	0.0170843272	-0.018672380500000002	-0.0597249904	0.0828760854	-0.036862326200000003	0.052245098	-0.10884087630000001	0.0483677918	-0.0174193259	-0.0038989828000000003	-0.0363765904	0.0302335731	-0.0127986593	-0.0016367523	0.0248286994	-0.0351977998	-0.035525370099999995	0.046402739500000005	-0.0038131114000000002	-0.08958748359999999	0.0272029314	0.0433564544	-0.0461351611	-0.0062335725	0.0059770268	-0.049004646799999996	-0.0820131274	0.042959171100000006	0.07736384190000001	-0.1277764854	0.0386321959	0.010735769899999999	0.09944103	-0.0076243127	0.0396212269	-0.1817036218	-0.0717469052	-0.0169472602	0.005205598400000001	-0.0086845227	-0.0090744385	-0.0036071174	0.0456830263	0.0391656975	0.03026983	-0.0881859751	0.0609278523	-0.0802124759	0.0965848806	-0.1092375449	0.0734626324	0.0635648021	0.0179318514	-0.0794625625	0.0288860744	-0.0703563777	0.0137790222	0.0494739559	-0.0887579282	0.08504070400000001	-0.0401231939	-0.0242330906	0.07684899419999999	-0.09223330880000001	-0.0777247	-0.11474549999999999	0.006041128990089999	0.013166529770249999	-0.30442600000000003	-0.20393500000000006	0.04158948422500002	0.09267518947600002	0.0124478	0.1083211	0.01173346070521	0.00015494772484	0.00148328	0.001207643	2.2001195584e-06	1.458401615449e-06	0.00144763	0.000995702	9.91422472804e-07	2.0956326169e-06	-0.00216838	-0.0009348700000000002	4.7018718244e-06	8.739819169000004e-07	0.0	0.0	0.0	0.0	0.0	0.0	0.0	0.0	0.0	0.0	0.0	0.0	0.0	0.0	0.0	0.0	0.0	0.0	0.0	0.0	0.0	0.0	0.0	0.0	0.0	0.0	0.0	0.0	0.0	0.0	0.0	0.0	0.0	0.0	0.0	0.0	0.0	0.0	0.0	0.0	0.0	0.0	0.0	0.0	0.0	0.0	0.0	0.0	0.0	0.0	0.0	0.0	0.0	0.0	0.0	0.0	0.0	0.0	0.0	0.0	0.0	1.0	0.0	0.0	0.0	0.0	0.0	0.0	0.0	0.0	0.0	0.0	0.0	0.0	0.0	0.0	0.0	0.0	0.0	0.0	0.0	0.0	0.0	0.0	0.0	0.0	0.0	0.0	0.0
337.51183502484236	5.697474748196669	113914.23878183641	32.461218506338696	238.65820461693542	-0.09349808798626214	56957.738630979016	0.008741892457086816	229.7835259807333	-0.25654386768076165	0.06581475604460414	52800.46881213833	1.301857	60.841175	0.24318335	-0.0847170585	0.0675115199	-0.08726718720000001	0.0439711086	-0.0828043228	-0.06838633820000001	1.6046e-06	-0.0569023646	0.0253653156	-0.1270448305	0.0499332442	-0.08870076689999999	0.024181803300000002	-0.0327689834	0.026186962999999997	0.0265631537	-0.0021996328	0.0288396375	0.028177818900000002	-0.0155602285	-0.022823964300000003	0.0360247146	0.04744871269999999	0.0862818298	0.0921979268	0.0966982306	0.1731744223	0.0140619573	0.0275121609	0.0201850345	-0.0009519684	0.048768926	0.1300045533	0.0263082729	0.020822608700000002	-0.0676777606	-0.061890565999999994	-0.0500031237	0.0012940386	-0.0468724217	-0.0032662104	0.0425856723	-0.040126666400000004	0.09856316679999999	-0.059299235599999986	0.0193776861	-0.0286992186	0.0758954961	0.1017022389	0.05587633559999999	0.1158725773	-0.026953351299999997	-0.014644603999999999	0.077511827	0.055118584400000004	-0.0697394401	0.0396272829	-0.0850146714	-0.0525461658	0.0974383042	0.0127160723	-0.0290943195	0.042712705	0.0193870398	0.053836245899999996	0.0460408942	0.0023665327	0.0096323897	-0.0596295141	0.0369194915	0.069029804	-0.1013943411	0.1283997641	0.1226167288	-0.0434419196	0.0046470571	-0.1090231535	0.1005554333	-0.008501633599999999	0.0063461042	-0.0209840622	-0.054880751	-0.042348043700000004	0.0069267183	-0.0451320671	-0.0363965119	0.0632691047	-0.10541324029999999	-0.11116563460000001	-0.0938538094	0.0874481331	-6.551880000000001e-05	-0.0817794472	-0.0466738961	-0.0426625877	-0.0113538786	0.0168415881	-0.1283322209	-0.0305613614	0.026370177999999998	-0.0771303783	0.006296274100000001	-0.021019567000000003	-0.0711703189	0.016260386	0.0462422434	-0.08715231550000001	0.0873671009	-0.0467863066	-0.0156410921	0.07076497030000001	-0.0928455409	-0.117961	-0.0402363	0.013914797521	0.0016189598376900002	-0.267327	0.03709900000000005	0.0013763358010000035	0.071463724929	0.10357	0.0911222	0.008303255332840003	0.0107267449	0.000598543	-0.000884737	3.58253722849e-07	7.82759559169e-07	0.00128889	-0.0001587400000000001	2.519838760000003e-08	1.6612374321e-06	-0.00261942	-0.00045103999999999983	6.861361136399998e-06	2.0343708159999976e-07	0.0	0.0	0.0	0.0	0.0	0.0	0.0	0.0	0.0	0.0	0.0	0.0	0.0	0.0	0.0	0.0	0.0	0.0	0.0	0.0	0.0	0.0	0.0	0.0	0.0	0.0	0.0	0.0	0.0	0.0	0.0	0.0	0.0	0.0	0.0	0.0	0.0	0.0	0.0	0.0	0.0	0.0	0.0	0.0	0.0	0.0	0.0	0.0	0.0	0.0	0.0	0.0	0.0	0.0	0.0	0.0	0.0	0.0	0.0	0.0	0.0	0.0	0.0	0.0	0.0	0.0	0.0	0.0	0.0	0.0	0.0	0.0	0.0	0.0	0.0	0.0	0.0	0.0	0.0	0.0	0.0	0.0	0.0	0.0	0.0	0.0	0.0	0.0	0.0
333.6644047977222	-3.8474302271201277	111331.93502901825	14.80271935255764	238.42825889344826	-0.2299457234871625	56848.034638961195	0.05287503575003458	229.31782336158162	-0.4657026191516706	0.216878929484726	52586.664111293554	1.158588	54.145615	0.33683179999999996	-0.043793016100000005	-0.0992935336	0.046111273	-0.0877571645	-0.0485559659	0.0231225975	-0.0178595454	0.0625856668	0.0194648108	0.0359315615	-0.0387909766	-0.08388754179999999	-0.0228257424	0.06474075110000001	-0.0334029687	-0.0280970402	0.0783477071	0.024609450800000002	-0.073711187	0.0034756073	0.0641815935	-0.0813574721	-0.0478112167	0.0212870527	-0.004353249	-0.0055540238	0.0890270192	-0.0376886294	0.0404379577	0.0012483772	0.061778872	0.0121030378	-0.0358476175	-0.0529084265	0.0296685964	-0.0191371374	-0.1044513736	0.004986939	-0.057605011500000004	0.0075680202	0.0337847983	-0.08703594880000001	0.0362624308	0.0255847094	-0.0952109602	0.05757599610000001	-0.029938137400000002	0.006892689699999999	0.0377442273	-0.06338876709999999	-0.09758630130000001	-0.012623040600000001	-0.056124014699999995	0.041986745	-0.0101293137	0.0370400003	-0.0554087071	-0.0386112442	0.0299117992	0.011875775900000001	0.0682259223	-0.0165871046	-0.0448050854	-0.054900919000000006	-0.0316663295	-0.11722912869999999	-0.0349650425	-0.029954010899999998	-0.036690612000000004	-0.06801517929999999	0.0795018332	0.0166498127	-0.0160350581	-0.0050385668	-0.059365938	-0.039147715699999995	0.0276242175	-0.0412688096	-0.006783023399999999	-0.0157662963	0.09615355130000001	-0.0900625971	-0.07103259719999999	0.0308766202	0.028538223799999998	0.049296908099999995	0.012403754099999999	-0.0188666254	0.0051894495	-0.0119759171	-0.032307519300000004	-0.0281811334	0.0942934882	0.1428234592	-0.0782705137	-0.0160732573	-0.0385744431	-0.1920652882	0.0798383306	-0.0378522483	-0.0476196702	0.0023563041	0.0652263554	-0.07197121	0.018729823899999998	0.042934227199999994	-0.08529107009999999	0.08929314220000001	-0.053140741	-0.006908663000000001	0.0638512918	-0.09208046130000001	-0.14443499999999998	-0.026473999999999984	0.020861469225	0.0007008726759999991	-0.0783813	0.18894570000000002	0.03570047754849	0.00614362818969	0.0171532	-0.08641680000000003	0.007467863322240003	0.00029423227024000004	0.000986159	0.00038761599999999986	9.72509573281e-07	1.5024616345599994e-07	0.00150808	0.00021919	4.804425609999999e-08	2.2743052864e-06	-0.00252632	9.310000000000004e-05	6.3822927424e-06	8.667610000000007e-09	0.0	0.0	0.0	0.0	0.0	0.0	0.0	0.0	0.0	0.0	0.0	0.0	0.0	0.0	0.0	0.0	0.0	0.0	0.0	0.0	0.0	0.0	0.0	0.0	0.0	0.0	0.0	0.0	0.0	0.0	0.0	0.0	0.0	0.0	0.0	0.0	0.0	0.0	0.0	0.0	0.0	0.0	0.0	0.0	0.0	0.0	0.0	0.0	0.0	0.0	0.0	0.0	0.0	0.0	0.0	0.0	0.0	0.0	0.0	0.0	0.0	0.0	0.0	0.0	0.0	0.0	0.0	0.0	0.0	0.0	0.0	0.0	0.0	0.0	0.0	0.0	0.0	0.0	0.0	0.0	0.0	0.0	0.0	0.0	0.0	0.0	0.0	0.0	0.0
335.2107659015925	1.5463611038702538	112366.25757633225	2.39123266356283	238.120298153006	-0.30796074044226884	56701.27639247647	0.09483981765375048	230.22862572132863	0.9108023597470094	0.8295609385207208	53005.22010153161	0.977143	45.665943	0.17012040000000006	-0.07948499839999999	0.0079562774	0.0147016048	-0.0062244375	-0.050538825700000005	-0.0320318248	0.0118498788	0.047455018200000004	0.0020344995999999997	-0.011200016799999999	0.0249163144	-0.08440111980000001	0.038337219900000004	-0.0883912305	0.0185646343	0.06083012030000001	0.056518443499999994	0.021834662999999997	0.045542766	-0.0044101761	0.1028820754	-0.0076233462	-0.08177073730000001	0.0048213703999999994	0.0440726334	-0.023473743199999998	-0.0267357469	-0.0817469192	-0.0707592762	-0.0226371815	0.056712697199999995	-0.0271022479	-0.0696816979	0.0750055037	0.0380618329	0.038752756400000005	0.0264032704	0.0744534542	0.07021697190000001	-0.013595456799999999	-0.0466976785	0.025609527400000002	-0.1058774643	-0.043740285	-0.06815184490000001	0.0321753952	0.0552193983	0.036946275	0.07130102690000001	-0.003050968	-0.0099647885	0.0188129295	-0.047774485	0.042654491600000004	0.0330852597	-0.0039120153	-0.059572018899999996	-0.0226223808	-0.0142178024	0.048087016600000004	0.054037700599999995	-0.0490839181	0.096427918	0.0090133781	0.0070931332999999985	-0.024867066099999998	-0.0134140144	-0.09916435550000001	0.0311716346	-0.0111026901	0.0194067627	-0.010525156	-0.11541518880000001	-0.0347409892	-0.023199228	-0.0850841926	0.033861472000000004	-0.0233428081	-0.0748583953	0.10368040029999999	-0.0417946908	0.05400502	-0.0054244726	0.0065261874	-0.0808545179	0.0357928103	0.0282580771	-0.0142513117	-0.0375680862	0.00221561	-0.0448132006	0.033943594900000006	-0.030400411000000002	0.0077947739	-0.08906240900000001	-0.041909398	-0.0408820806	0.0063971243	-0.0356037237	-0.0365524884	0.0359067858	0.0713104667	0.0752523716	-0.07275890410000001	0.0211855248	0.0395553658	-0.0831796512	0.09081000199999999	-0.0591445729	0.0018857942000000002	0.056189015300000006	-0.08994941960000001	-0.147598	-0.003163000000000027	0.021785169604000003	1.0004569000000169e-05	-0.0651313	0.013249999999999998	0.00017556249999999996	0.00424208623969	0.132109	0.1149558	0.01321483595364	0.017452787881	0.000712437	-0.0002737219999999999	5.075664789689999e-07	7.492373328399994e-08	0.0018566	0.00034851999999999995	1.2146619039999997e-07	3.44696356e-06	-0.00267911	-0.0001527900000000003	7.177630392100001e-06	2.3344784100000093e-08	0.0	0.0	0.0	0.0	0.0	0.0	0.0	0.0	0.0	0.0	0.0	0.0	0.0	0.0	0.0	0.0	0.0	0.0	0.0	0.0	0.0	0.0	0.0	0.0	0.0	0.0	0.0	0.0	0.0	0.0	0.0	0.0	0.0	0.0	0.0	0.0	0.0	0.0	0.0	0.0	0.0	0.0	0.0	0.0	0.0	0.0	0.0	0.0	0.0	0.0	0.0	0.0	0.0	0.0	0.0	0.0	0.0	0.0	0.0	0.0	0.0	0.0	0.0	0.0	0.0	0.0	0.0	0.0	0.0	0.0	0.0	0.0	0.0	0.0	0.0	0.0	0.0	0.0	0.0	0.0	0.0	0.0	0.0	0.0	0.0	0.0	0.0	0.0	0.0
332.6532139748816	-2.557551926710857	110658.16076781838	6.54107185782242	238.0173529340604	-0.1029452189455924	56652.26029773707	0.010597718103755954	230.44499522954936	0.21636950822073686	0.046815764087683516	53104.895826347034	1.096815	51.258717	0.5527112500000001	-0.0142705878	-0.043408185700000004	0.08501934550000001	0.0209948185	-0.0042656052000000005	0.0488298145	-0.0088090194	0.07052563860000001	-0.0196811935	0.004533811	0.0021690159	0.0107126882	0.0625203383	0.0598013767	0.0842711755	-0.0026362128000000005	0.014599953799999999	-0.045235856	0.015149331399999999	0.0645006345	-0.0488521378	-0.0254856418	0.0037215913	-0.0384447448	-0.0590226643	0.0810576424	0.045631780700000006	-0.0397273322	0.0159305252	-0.0464058196	-0.0557940489	-0.0612265732	-0.022049933799999998	0.08721444699999999	0.0098970484	0.11947074449999999	0.0067747632	-0.036235197999999996	-0.0323075106	-0.0482110308	0.0415079852	0.0517161435	-0.0772772855	0.053695077300000005	0.042584578399999996	-0.09457013369999999	-0.0074859784	-0.009676784	-0.0010724049	-0.0368094634	-0.055400301500000006	0.0540813426	-0.0474319909	-0.0008035728999999999	-0.0395709234	0.0646827408	-0.046916365099999996	0.0063739226	-0.0185833006	0.0176831275	-0.0312165891	-0.1000543825	-0.0475801897	0.0334102495	-0.0091593302	0.014394301200000001	0.0540846119	0.0035947606	-0.0356393208	0.0723706167	-0.0317501612	0.0055174757	-0.0001705344	0.0365491851	-0.029820612000000007	-0.0312639915	0.0346300233	0.030788895299999997	-0.0675184477	-0.0100517724	0.018473351399999997	-0.0781695921	-0.0043733414	0.0205918348	0.0341241693	0.0368878464	-0.12119481929999999	-0.010347409200000001	0.1047133879	0.0047885598	0.06904659769999999	0.038742677999999996	0.0333287105	-0.0365077562	0.022042619	0.0931486075	-0.1155805003	0.11475590529999999	-0.0264998521	0.0050690023	-0.0328755002	-0.0282885748	-0.0856446789	-0.0735332567	0.023625687700000002	0.0361112347	-0.0808242521	0.0919107295	-0.0647581913	0.0106633201	0.0478679739	-0.0864840284	-0.0580846	0.08951339999999999	0.00337382075716	0.00801264877956	-0.159869	-0.0947377	0.008975231801290002	0.025558097161000003	-0.116195	-0.248304	0.06165487641600001	0.013501278025000002	0.00291679	0.002204353	8.507663904099997e-06	4.859172148609e-06	0.00198534	0.00012874000000000002	1.6573987600000006e-08	3.9415749156e-06	-0.00274914	-7.003e-05	7.5577707396000014e-06	4.904200900000001e-09	0.0	0.0	0.0	0.0	0.0	0.0	0.0	0.0	0.0	0.0	0.0	0.0	0.0	0.0	0.0	0.0	0.0	0.0	0.0	0.0	0.0	0.0	0.0	0.0	0.0	0.0	0.0	0.0	0.0	0.0	0.0	0.0	0.0	0.0	0.0	0.0	0.0	0.0	0.0	0.0	0.0	0.0	0.0	0.0	0.0	0.0	0.0	0.0	0.0	0.0	0.0	0.0	0.0	0.0	0.0	0.0	0.0	0.0	0.0	0.0	0.0	0.0	1.0	0.0	0.0	0.0	0.0	0.0	0.0	0.0	0.0	0.0	0.0	0.0	0.0	0.0	0.0	0.0	0.0	0.0	0.0	0.0	0.0	0.0	0.0	0.0	0.0	0.0	0.0
327.6250157033124	-5.028198271569238	107338.15091459568	25.282777858211876	237.34086561151022	-0.6764873225501731	56330.686489220956	0.4576350975711019	229.1489994463529	-1.295995783196446	1.6796050700629692	52509.26394726465	0.996267	46.559689	0.3459497	-0.0324398272	-0.0006021176	0.0679705174	0.0109418195	0.0151981423	0.0167519269	0.035772194900000005	0.10197509119999999	0.055724859	0.0619316138	0.0051332989	0.061393884	-0.0558070837	-0.0493844778	0.0681711292	0.021286194900000003	-0.0541843743	-0.048310144900000004	0.0640117806	0.0187848922	0.067071571	0.06487570570000001	0.0367096608	0.0028911220000000003	-0.026130641	0.0005545372	-0.08407631230000001	-0.1452292396	-0.1378985612	-0.0479156159	0.059666806399999994	-0.031578768199999996	0.0023016352	-0.106018314	0.06698589690000001	0.055989409299999994	0.034204787599999995	-0.032770061499999996	0.0003300081	-0.0244402633	0.13988848880000002	0.0257558396	0.0180926252	0.0211438323	-0.0025826231	-0.0053971256	0.0433950443	0.0305998271	-0.0579003864	0.0489892042	-0.0939453356	0.0442855683	-0.0372130341	-0.0110958867	-0.019917286699999998	0.021660487000000003	-0.1022862263	0.0051517785	0.0723534945	-0.0707174238	-0.0130408643	0.0208173501	0.049877312199999996	0.0834518558	0.0176845011	0.1007294517	0.053372229699999996	-0.012307850300000001	-0.0095152052	-0.013694238400000001	-0.0697780373	0.023384951400000003	-0.0931373274	-0.0361076129	0.0469843245	-0.1424992687	0.07102086980000001	-0.0615539912	-0.1184908721	0.08129733110000001	-0.0304524729	0.0802472453	0.0178025009	0.054391084900000004	0.0469831124	-0.0386877348	-0.0919703431	-0.0047299667	-0.023206709199999998	-0.0468040144	-0.0349563668	-0.026504995099999998	-0.018257439099999998	-0.0413344913	0.10130257640000001	0.030564459199999998	-0.12081756380000001	-0.051377170599999994	0.0615646465	-0.018645296699999998	-0.0658529321	-0.0399387815	-0.0585435558	-0.0742941259	0.0260485229	0.0326075169	-0.07823178160000001	0.09259028039999999	-0.0699445598	0.0193451075	0.0389857244	-0.08173569509999999	-0.0584156	-0.000330999999999998	0.00341238232336	1.0956099999999865e-07	0.040497500000000006	0.2003665	0.04014673432225	0.0016400475062500006	-0.0293378	0.08685720000000001	0.007544173191840002	0.0008607065088399997	0.00213015	-0.0007866399999999999	4.5375390225e-06	6.188024895999998e-07	0.00176944	-0.00021590000000000002	4.661281e-08	3.1309179136e-06	-0.0029145	-0.0001653599999999998	8.494310249999999e-06	2.7343929599999934e-08	0.0	0.0	0.0	0.0	0.0	0.0	0.0	0.0	0.0	0.0	0.0	0.0	0.0	0.0	0.0	0.0	0.0	0.0	0.0	0.0	0.0	0.0	0.0	0.0	0.0	0.0	0.0	0.0	0.0	0.0	0.0	0.0	0.0	0.0	0.0	0.0	0.0	0.0	0.0	0.0	0.0	0.0	0.0	0.0	0.0	0.0	0.0	0.0	0.0	0.0	0.0	0.0	0.0	0.0	0.0	0.0	0.0	0.0	0.0	0.0	0.0	0.0	0.0	0.0	0.0	0.0	0.0	0.0	0.0	0.0	0.0	0.0	0.0	0.0	0.0	0.0	0.0	0.0	0.0	0.0	0.0	0.0	0.0	0.0	0.0	0.0	0.0	0.0	0.0
326.1290855541945	-1.4959301491178962	106360.18044441509	2.2378070110398918	237.44135320013345	0.10048758862322417	56378.39620951053	0.01009775546731033	229.51508810887367	0.3660886625207525	0.13402090882623338	52677.17566962403	0.939732	43.91755300000001	0.57867105	-0.0822383867	0.017872098500000003	0.1085214572	0.0254168916	-0.0205776787	0.0336187271	0.027350372799999998	0.1658608354	0.0887013898	0.0643758212	0.0628632224	0.0688389887	-0.0785370744	-0.0041055221999999995	0.0744781247	0.0370325638	-0.0316188172	-0.0310864834	-0.1052750918	0.0901284672	0.1153750741	0.025590600699999997	-0.0722547541	0.180059782	-0.0375442469	0.0402172149	-0.0079282663	-0.0909418258	-0.054941373099999996	-0.1108158709	-0.08706300859999999	-0.009618374	-0.0023574273999999997	-0.1727322534	-0.0982792168	-0.0594209679	0.0699794078	-0.025454924	-0.08609914130000001	0.0202766445	-0.0031480423	0.0774214013	0.007792337	0.0156384572	0.028002153399999997	0.0853288327	0.0300402207	0.0788825426	-0.055970726299999995	0.0774655969	-0.1478229532	0.0961212053	-0.059420113899999995	0.0234226763	-0.030699037599999996	0.0535681599	-0.1727888168	-0.020233091499999998	0.09886361449999999	-0.0073465706	-0.0291872364	0.0262020827	0.0037554532000000002	0.12309927279999999	0.0002684548	-0.0027798056	0.0141403447	-0.0212571032	-0.1115784512	-0.0931466308	0.0334200364	-0.1524921706	0.027735779500000002	0.0810406203	-0.08036170299999999	0.021842408900000002	0.0473959546	-0.0627757435	0.0184820151	-0.0018697004	0.12425178210000001	0.1190174366	0.10228597789999999	0.0689765305	-0.0625244529	-0.09978365310000001	0.0337409807	-0.0777008945	-0.0392253644	0.029798163	0.0425758336	0.0175351823	0.05741310490000001	0.1094285258	0.0751050955	0.0032448475	-0.0204484341	-0.0374667004	-0.03723598	-0.009277022900000001	-0.025395184300000002	-0.04533299389999999	-0.0065444227	-0.0750413721	0.0284522534	0.0290499939	-0.0754098437	0.0928455409	-0.07466946049999999	0.0278532085	0.0296464028	-0.0757748583	-0.14510999999999996	-0.08669439999999996	0.021056912099999988	0.007515918991359994	0.016549399999999995	-0.02394810000000001	0.0005735114936100005	0.0002738826403599999	0.0987698	0.12810760000000002	0.016411557177759998	0.009755473392040002	-0.00177283	-0.00390298	3.1429262089e-06	1.52332528804e-05	-0.000441299	-0.002210739	4.887366926120998e-06	1.9474480740100004e-07	-0.0022298	0.0006846999999999999	4.97200804e-06	4.6881408999999983e-07	0.0	0.0	0.0	0.0	0.0	0.0	0.0	0.0	0.0	0.0	0.0	0.0	0.0	0.0	0.0	0.0	0.0	0.0	0.0	0.0	0.0	0.0	0.0	0.0	0.0	0.0	0.0	0.0	0.0	0.0	0.0	0.0	0.0	0.0	0.0	0.0	0.0	0.0	0.0	0.0	0.0	0.0	0.0	0.0	0.0	0.0	0.0	0.0	0.0	0.0	0.0	0.0	0.0	0.0	0.0	0.0	0.0	0.0	0.0	0.0	0.0	0.0	0.0	1.0	0.0	0.0	0.0	0.0	0.0	0.0	0.0	0.0	0.0	0.0	0.0	0.0	0.0	0.0	0.0	0.0	0.0	0.0	0.0	0.0	0.0	0.0	0.0	0.0	0.0
329.76958578165267	3.640500227458176	108747.97970660277	13.253241906123032	237.0585035485064	-0.3828496516270548	56196.73410465722	0.1465738557509572	228.87243576575813	-0.6426523431155431	0.4130020341118977	52382.591853351085	1.104557	51.620514	0.219232	-0.0358636517	0.0569652982	-0.008481023	0.0888894702	0.006905500000000001	-0.013326423799999999	0.0618369077	0.0648041006	-0.004468559600000001	-0.05513937309999999	0.0772015564	0.030116756499999998	-0.0415843889	-0.08321960269999999	-0.06456170929999999	0.09712432439999999	-0.054458144699999995	0.0684010813	0.0723713057	-0.0144171592	0.0384421018	0.2275194149	-0.0944707048	-0.0361605989	-0.004638669000000001	-0.0955415592	-0.1057920461	-0.0194305276	0.005971656600000001	-0.0186259185	0.0044213255	0.0582989829	0.1092704632	-0.0355785579	-0.015320496000000001	0.1048830074	-0.1352637892	-0.0953665433	0.0447607325	0.11835576910000001	0.0903642866	-0.05825176570000001	-0.06655186240000001	0.0308861127	-0.056890128899999996	0.04829213	0.0705423493	0.0156342649	0.0064432885	0.09961391259999999	0.0266544995	0.0949613784	0.0021872058	-0.007446490999999999	0.006513867	-0.010117849699999999	-0.0856828544	0.0057109935	-0.0240182569	0.0535798031	-0.0046723859	0.1250456433	0.049096407599999996	0.0141539729	0.013930396000000001	0.08161103900000001	-0.0447222675	-0.053670788899999995	0.026815727400000003	-0.0338196627	-0.2377429086	-0.0611302778	-0.0138456195	-0.1209113306	-0.058013257199999994	-0.061732057300000004	0.011482091699999999	-0.0826578062	0.0967278999	0.039314095	-0.06356979089999999	-0.026805516499999998	-0.18462177300000002	0.0190641987	0.1205305796	0.0455983845	0.0208196791	0.0884857997	-0.0844253414	-0.09930654230000001	0.060209627599999996	-0.08232818019999999	-0.0009589239	-0.12652795349999998	-0.0213463968	-0.0006515972	-0.009074993299999999	-0.059180942	0.0588963616	0.027250409500000003	0.0262025437	0.010587581200000001	0.030149948399999998	-0.0757748583	0.030835116099999997	0.025444536	-0.0723667158	0.0926753413	-0.0789017205	0.0361112347	0.0199595043	-0.068689944	-0.112106	0.033003999999999964	0.012567755236	0.0010892640159999977	-0.0938348	-0.11038419999999999	0.01218467160964	0.008804969691040002	0.06321569999999999	-0.03555410000000002	0.0012640940268100016	0.003996224726489998	-0.0010368	0.0007360299999999999	1.07495424e-06	5.417401608999999e-07	-0.000503083	-6.178399999999995e-05	3.817262655999994e-09	2.5309250488899996e-07	-0.00222182	7.980000000000313e-06	4.936484112399999e-06	6.3680400000005e-11	0.0	0.0	0.0	0.0	0.0	0.0	0.0	0.0	0.0	0.0	0.0	0.0	0.0	0.0	0.0	0.0	0.0	0.0	0.0	0.0	0.0	0.0	0.0	0.0	0.0	0.0	0.0	0.0	0.0	0.0	0.0	0.0	0.0	0.0	0.0	0.0	0.0	0.0	0.0	0.0	0.0	0.0	0.0	0.0	0.0	0.0	0.0	0.0	0.0	0.0	0.0	0.0	0.0	0.0	0.0	0.0	0.0	0.0	0.0	0.0	0.0	0.0	0.0	0.0	0.0	0.0	0.0	0.0	0.0	0.0	0.0	0.0	0.0	0.0	0.0	0.0	0.0	0.0	0.0	0.0	0.0	0.0	0.0	0.0	0.0	0.0	0.0	0.0	0.0
332.88626896540717	3.1166831837545037	110813.26806570939	9.713714067898106	236.0408774761613	-1.017626072345081	55715.2958397162	1.035562823116476	229.67889010379744	0.8064543380393161	0.6503685993424315	52752.39255931226	1.484161	69.36099200000001	1.12711445	0.12353596480000001	0.10571919460000001	-0.167795389	0.1835288576	0.1134096758	-0.08813284869999999	0.0659738235	-0.2033175127	-0.0534280525	-0.1659072641	0.1115713601	0.0265480735	0.1612032447	-0.0086240203	-0.0403413157	0.1355511646	0.0385985751	-0.274160592	0.10820767210000001	-0.0423048276	0.1982846996	-0.0239126074	0.1096384331	-0.1352721444	-0.1098288794	0.0358577909	-0.155799981	0.1751110152	-0.0091503744	0.0352900383	-0.13352014	0.11995083220000001	-0.056336143099999986	0.0978095826	-0.0402617304	-0.1025266947	-0.0239039173	0.0692080453	-0.1044592425	0.1047945751	0.0714585445	-0.0347509817	0.0070946809	0.006268708100000001	0.0175730098	-0.0302556564	0.1347228901	-0.08864149199999999	-0.0265972875	0.1074785836	0.248133779	0.0111148476	0.1458908219	-0.1054503086	0.07822201919999999	-0.17507238719999998	0.1316413428	0.0364140947	-0.12244817279999999	0.1408930562	-0.1761587796	-0.0431816511	0.09959950279999999	0.1206963957	-0.11944901949999999	0.026986533599999998	0.24670470949999998	-0.1652587079	0.1080774332	-0.0247051706	-0.0991674669	0.11505104	0.1014698459	-0.0015358732999999998	0.0113903779	0.1696719595	0.0259285051	0.0687989492	0.0297552244	0.0269767988	0.0480528479	-0.0668859035	-0.0686063746	0.0694280417	-0.11055899359999999	0.059782984299999994	0.0192361648	0.037186152	0.0754563936	0.1383274774	0.0124029256	-0.0647466187	-0.11280734220000001	0.054327315599999995	-0.0163381919	-0.030329412400000002	-0.0033944105	0.0957249547	0.0127543607	0.043151147	0.0841993023	-0.05930293320000001	-0.1109269418	-0.0764944501	0.0331953636	0.021797092400000002	-0.0691113238	0.09208046130000001	-0.08261341679999999	0.044045043	0.0100385988	-0.0605860527	0.107735	0.21984099999999998	0.011606830225	0.048330065281000006	-0.307133	-0.2132982	0.04549612212324	0.09433067968900001	-0.405391	-0.4686067	0.21959223928489	0.164341862881	0.00297757	0.00401437	8.865923104900001e-06	1.6115166496899998e-05	-0.000229092	0.00027399099999999996	7.507106808100001e-08	5.2483144464e-08	-0.00200281	0.00021900999999999995	4.011247896099998e-06	4.7965380099999984e-08	0.0	0.0	0.0	0.0	0.0	0.0	0.0	0.0	0.0	0.0	0.0	0.0	0.0	0.0	0.0	0.0	0.0	0.0	0.0	0.0	0.0	0.0	0.0	0.0	0.0	0.0	0.0	0.0	0.0	0.0	0.0	0.0	0.0	0.0	0.0	0.0	0.0	0.0	0.0	0.0	0.0	0.0	0.0	0.0	0.0	0.0	0.0	0.0	0.0	0.0	0.0	0.0	0.0	0.0	0.0	0.0	0.0	0.0	0.0	0.0	0.0	0.0	0.0	0.0	1.0	0.0	0.0	0.0	0.0	0.0	0.0	0.0	0.0	0.0	0.0	0.0	0.0	0.0	0.0	0.0	0.0	0.0	0.0	0.0	0.0	0.0	0.0	0.0	0.0
328.473779962308	-4.412489003099153	107895.02412272674	19.470059202470967	237.12146803736687	1.080590561205554	56226.590604196	1.167675960966534	229.96270432601096	0.2838142222135218	0.08055051273066634	52882.84538093233	1.365685	63.824116	0.41344145	0.1140601225	-0.09376167810000001	-0.10542249990000001	-0.043007654000000006	0.0793151036	-0.035262476699999996	0.0347121482	-0.0701714509	-0.0738897976	-0.00047209330000000003	-0.10316248439999999	0.009920329399999999	-0.0499833085	0.1007843049	-0.0129281967	-0.1202208597	0.0411871769	-0.15217274449999998	0.050363512	-0.0344967193	0.0532081063	-0.100736762	0.1653884643	0.0376134826	-0.0211101544	-0.0058837499	0.09404432689999999	-0.054198308	-0.0718350244	0.0078648377	0.1119247251	0.0175485178	0.0911064114	-0.10718492140000001	-0.0613302261	0.0596317992	0.1080085498	-0.0747950929	0.0485489595	-0.06559702190000001	-0.0407352795	-0.07394424570000001	0.0097334659	0.1246368623	-0.1470344351	-0.0571719849	-0.049198587	-0.1485557421	-0.019127899599999998	0.0026379367	0.018006581299999998	-0.09058468	0.0294176946	-0.0688359908	0.0308543044	-0.0200810056	0.0650760458	0.0584450387	-0.0431881465	-0.0678956993	0.010891911399999999	-0.013179907	-0.1148882752	-0.039077938199999995	0.022622789	-0.0251058903	0.1731049862	-0.0246018962	-0.0176950681	0.0008799579	0.1339547506	0.06482655450000001	0.060903979000000004	0.08305611519999999	0.0406241411	-0.0740157711	-0.1359464436	-0.08438897320000001	0.052841338200000004	-0.0226411445	-0.09705272820000001	0.049214738099999995	0.0293403468	-0.0779640702	0.1553350235	0.0077966488	-0.0603341463	-0.1794940703	0.1372311503	-0.083350058	0.112193722	0.0371629523	-0.0133612321	-0.0683870454	-0.0075430190000000015	-0.07441645150000001	-0.0392252841	-0.1206543458	0.0268053775	0.0557728503	-0.0830943945	0.13389382130000002	0.0646630654	-0.0772000154	0.0355312647	0.0181136817	-0.06565321639999999	0.09106362720000001	-0.0857800611	0.051583401200000004	-0.0	-0.051583401200000004	0.0281911	-0.0795439	0.00079473811921	0.006327232027209999	-0.114747	0.192386	0.037012372996	0.013166874009	-0.366925	0.038466	0.001479633156	0.134633955625	0.00179991	-0.00117766	3.2396760081e-06	1.3868830756000002e-06	-0.0009938630000000002	-0.0007647710000000002	5.848746824410004e-07	9.877636627690005e-07	-0.00212129	-0.00011848000000000025	4.4998712641000005e-06	1.4037510400000057e-08	0.0	0.0	0.0	0.0	0.0	0.0	0.0	0.0	0.0	0.0	0.0	0.0	0.0	0.0	0.0	0.0	0.0	0.0	0.0	0.0	0.0	0.0	0.0	0.0	0.0	0.0	0.0	0.0	0.0	0.0	0.0	0.0	0.0	0.0	0.0	0.0	0.0	0.0	0.0	0.0	0.0	0.0	0.0	0.0	0.0	0.0	0.0	0.0	0.0	0.0	0.0	0.0	0.0	0.0	0.0	0.0	0.0	0.0	0.0	0.0	0.0	0.0	0.0	0.0	0.0	0.0	0.0	0.0	0.0	0.0	0.0	0.0	0.0	0.0	0.0	0.0	0.0	0.0	0.0	0.0	0.0	0.0	0.0	0.0	0.0	0.0	0.0	0.0	0.0
341.0039904662438	12.530210503935793	116283.72151390211	157.00617527294284	238.92953683505226	1.8080687976853935	57087.3235722126	3.2691127771635053	232.37360519880409	2.410900872793121	5.812443018434633	53997.49239308967	1.380891	64.53474399999999	0.96820765	-0.0324064966	-0.06070509230000001	0.016682985	-0.09264544	-0.0502392349	0.0320747909	-0.0559098546	0.054689814100000005	-0.051192267400000005	0.045193072	-0.0426225095	-0.0740761471	0.060981959599999996	0.054403917	0.1135683527	0.1016000676	0.0817279048	0.0216072231	0.0466166884	-0.0435184575	0.1100875935	0.1097823552	-0.0059748258999999995	0.0677530283	0.1322088626	-0.0437864073	-0.0539474771	0.0002306075	-0.040843719	0.0360393983	0.0944868074	0.0045676102	-0.0237050948	-0.0518999875	0.1136113489	0.0480818846	-0.0083240235	0.0440013767	-0.1311443816	0.0831753048	0.016127764699999998	0.052728196500000005	0.08940898480000001	0.0623973925	0.0205906546	0.0065362057	0.0350623924	-0.0107860483	0.1090264167	-0.1091220694	0.0090153917	-0.0030263218	-0.045267105599999996	0.036353973399999996	-0.0146148131	0.08435611009999999	-0.0221541289	-0.0332399559	0.0211908737	-0.0577780126	0.0289448561	-0.1482720149	0.020934018500000002	0.077307825	0.11657132560000001	-0.0724011973	-0.0273345638	-0.1078049107	0.014614918999999999	-0.0695780139	-0.060231547999999996	-0.0721468365	-0.06119617	-0.1261531605	0.0391013135	0.0015315992	0.0290485979	0.0668357603	-0.0717669224	-0.013819918999999998	0.0232887596	0.0875585432	-0.1047645686	0.031921637999999995	0.0797464969	0.0580816679	0.0780514248	-0.007501734699999998	0.0211699234	0.0457802788	-0.014430445900000003	0.0217053746	-0.0164864121	-0.0281057271	-0.0263831733	0.042571365599999994	0.0950302557	-0.0851933204	-0.0588287683	0.036214793599999996	-0.092493774	0.0160933152	0.0217148256	-0.0778914249	0.0378411062	0.014400381799999999	-0.062002536799999994	0.0896294983	-0.0883807611	0.0586586275	-0.0100385988	-0.0418155387	-0.263654	-0.29184509999999997	0.069513431716	0.08517356239401001	-0.048994300000000005	0.0657527	0.004323417557289999	0.0024004414324900005	-0.0306472	0.33627779999999996	0.11308275877283999	0.00093925086784	0.0008993319999999998	-0.0009005780000000002	8.087980462239996e-07	8.110407340840006e-07	0.00216013	0.0031539930000000003	9.947671844049001e-06	4.6661616169000005e-06	-0.00355336	-0.00143207	1.2626367289600004e-05	2.0508244849000003e-06	0.0	0.0	0.0	0.0	0.0	0.0	0.0	0.0	0.0	0.0	0.0	0.0	0.0	0.0	0.0	0.0	0.0	0.0	0.0	0.0	0.0	0.0	0.0	0.0	0.0	0.0	0.0	0.0	0.0	0.0	0.0	0.0	0.0	0.0	0.0	0.0	0.0	0.0	0.0	0.0	0.0	0.0	0.0	0.0	0.0	0.0	0.0	0.0	0.0	0.0	0.0	0.0	0.0	0.0	0.0	0.0	0.0	0.0	0.0	0.0	0.0	0.0	0.0	0.0	0.0	1.0	0.0	0.0	0.0	0.0	0.0	0.0	0.0	0.0	0.0	0.0	0.0	0.0	0.0	0.0	0.0	0.0	0.0	0.0	0.0	0.0	0.0	0.0	0.0
319.3288100211971	-21.67518044504669	101970.8889095538	469.8134473253345	236.00356081734563	-2.9259760177066316	55697.68071846656	8.561335656194355	226.56599825735995	-5.807606941444135	33.7282983863101	51332.151566354034	1.34129	62.684032	0.2017008	0.029856145299999998	-0.0646960144	0.0141896121	0.0920773973	0.0920555686	0.0245763481	0.11807379119999999	0.1438246187	-0.0341263787	-0.033137731600000005	0.0125226476	0.0326107218	-0.1625005663	-0.0581577028	0.0186459792	0.0055341442000000005	-0.0764765508	0.1165688124	0.013653966100000001	0.1013844975	-0.0069121449	-0.011287816599999998	-0.031635627799999996	0.1044052808	-0.0267072706	-0.0847606301	0.10439834630000001	0.011939589099999998	-0.08057058	0.057810903899999995	-0.1559031227	-0.015017066	-0.0038522056	0.0781438342	0.031221622	-0.0515671537	-0.0373727901	0.0224133407	0.0131368293	0.0300797742	0.055835076500000004	0.035483990099999994	0.0573400521	0.0639413986	0.045190143200000005	0.0976257039	0.013985383600000002	-0.08771517	-0.07878648519999999	0.1362406868	-0.09507370220000001	0.0903378825	-0.1213961717	-0.0802760592	-0.037736865	0.027631979700000003	-0.1385064154	0.0626172458	-0.0256742276	0.0331531621	0.0760451384	0.1610869454	-0.0261407904	0.0413318306	0.021694181099999998	0.0999649329	-0.12460740869999999	-0.018026798	-0.09663785009999999	0.0036788021	0.0427719221	0.0279744023	0.0197456007	0.018622413799999998	-0.1378322035	0.08149011610000001	-0.034616258399999995	-0.018825022900000002	-0.0201956119	0.08430280720000001	-0.0666751886	0.029912076	-0.0391794268	0.118408149	-0.0145247813	0.0452246621	0.09036867779999999	0.029654706800000007	-0.059659699800000014	0.0171599853	-0.0088958722	0.013090501499999999	-0.0302677191	0.0694787893	0.0846276825	0.0382982754	-0.0317697683	0.055689313	-0.041290722599999996	0.0333473258	-0.0302677142	-0.0156071712	0.0338444586	-0.0785685519	0.0401231939	0.0106633201	-0.0581699931	0.0877846467	-0.0903983584	0.0652071985	-0.0199595043	-0.0314273661	-0.302175	-0.038521000000000034	0.09130973062500003	0.0014838674410000024	0.066086	0.1150803	0.013243475448090002	0.0043673593960000005	-0.0339133	-0.0032661000000000014	1.0667409210000008e-05	0.0011501119168900002	0.00109207	0.00019273800000000038	1.1926168849000003e-06	3.714793664400013e-08	0.00235457	0.0001944399999999997	3.780691359999989e-08	5.5439998848999985e-06	-0.00406285	-0.0005094899999999996	1.6506750122499998e-05	2.595800600999996e-07	0.0	0.0	0.0	0.0	0.0	0.0	0.0	0.0	0.0	0.0	0.0	0.0	0.0	0.0	0.0	0.0	0.0	0.0	0.0	0.0	0.0	0.0	0.0	0.0	0.0	0.0	0.0	0.0	0.0	0.0	0.0	0.0	0.0	0.0	0.0	0.0	0.0	0.0	0.0	0.0	0.0	0.0	0.0	0.0	0.0	0.0	0.0	0.0	0.0	0.0	0.0	0.0	0.0	0.0	0.0	0.0	0.0	0.0	0.0	0.0	0.0	0.0	0.0	0.0	0.0	0.0	0.0	0.0	0.0	0.0	0.0	0.0	0.0	0.0	0.0	0.0	0.0	0.0	0.0	0.0	0.0	0.0	0.0	0.0	0.0	0.0	0.0	0.0	0.0
340.2372078712549	20.90839785005778	115761.35762002751	437.1611006563009	237.93938706971184	1.935826252366212	56615.151919110154	3.7474232793502127	231.42711480864125	4.861116551281299	23.630454125140986	53558.509468652024	1.320397	61.707611	0.5420380499999999	0.0340455957	0.1354723014	0.021402701200000002	0.0038566619	0.0305406345	-0.0280992825	-0.0880419524	0.0204379414	-0.0626388487	0.0014174133999999999	0.1584243601	-0.0131683841	0.0649167855	-0.0047720097	-0.022594235600000002	0.0061950812	0.0170272186	0.06403976480000001	0.0175866067	-0.0836293711	-0.0373568097	0.0315999114	0.0888366511	0.06991544599999999	0.07935832429999999	-0.0885981098	-0.0319297733	0.0380154958	0.0810170037	-0.0721583019	-0.08959403619999999	0.1383485331	-0.032347216899999996	0.172731843	-0.0645745439	-0.0348627875	-0.0091174949	-0.0707996875	0.009232744499999999	0.1179778386	-0.0408068481	-0.021770676800000003	0.0173594942	-0.0588232627	-0.1244129325	-0.0569401883	0.015708070600000002	0.026151703	0.0021797008	-0.040395746600000004	0.1876183893	0.0802922065	-0.0203386853	-0.0455092788	0.0469732037	0.0732518382	0.007365335400000002	0.0036221340999999995	0.048897924800000006	0.1080370749	-0.0564537654	-0.0021346713	0.0359282281	-0.0166414511	0.0589657864	0.007296789499999999	-0.0171421956	0.0188638017	0.1077830842	0.0272425961	0.0533629503	-0.1125484013	0.1251999426	-0.0848038211	-0.0742247391	-0.0189033275	-0.0166060042	0.0552276842	0.11523444990000001	0.081938898	0.0417110793	0.0315329833	0.0090568037	-0.0424765324	0.0664793839	-0.022458675299999998	0.0331192093	0.11303022289999999	0.0197709636	0.1630961476	-0.0186584709	-3.32692e-05	0.0542028566	-0.014486334699999999	-0.1574240466	-0.0178501361	-0.0069103828	-0.0585463422	0.0261576674	-0.0494488578	0.0727039773	0.0974753121	0.0365306743	-0.0792312721	0.0423758542	0.006908663000000001	-0.0541668268	0.08553752619999999	-0.0918195415	0.0711703189	-0.0296464028	-0.0205729861	-0.130494	0.17168100000000006	0.017028684036	0.029474365761000012	0.0516657	-0.014420300000000013	0.00020794505209000032	0.00266934455649	-0.181752	-0.14783870000000002	0.02185628121769	0.033033789503999995	0.00127189	0.0001798199999999998	1.6177041720999995e-06	3.233523239999993e-08	-0.0006378309999999999	-0.002992401	8.954463744800998e-06	4.06828384561e-07	-0.00307311	0.0009897399999999998	9.4440050721e-06	9.795852675999995e-07	0.0	0.0	0.0	0.0	0.0	0.0	0.0	0.0	0.0	0.0	0.0	0.0	0.0	0.0	0.0	0.0	0.0	0.0	0.0	0.0	0.0	0.0	0.0	0.0	0.0	0.0	0.0	0.0	0.0	0.0	0.0	0.0	0.0	0.0	0.0	0.0	0.0	0.0	0.0	0.0	0.0	0.0	0.0	0.0	0.0	0.0	0.0	0.0	0.0	0.0	0.0	0.0	0.0	0.0	0.0	0.0	0.0	0.0	0.0	0.0	0.0	0.0	0.0	0.0	0.0	0.0	1.0	0.0	0.0	0.0	0.0	0.0	0.0	0.0	0.0	0.0	0.0	0.0	0.0	0.0	0.0	0.0	0.0	0.0	0.0	0.0	0.0	0.0	0.0
334.6196134972837	-5.617594373971201	111970.28573707152	31.55736655047289	238.5358047963575	0.5964177266456545	56899.330169845976	0.3557141046571707	228.4513186116189	-2.975796197022333	8.855363006212583	52190.00497538742	1.498547	70.033287	0.6243430500000001	-0.0831931702	0.026695236299999998	0.0674621942	-0.07598600030000001	-0.0629291912	0.0037001786	-0.0488824555	0.0884061399	0.052664451699999996	0.10792303210000001	0.0578155246	0.0770454379	-0.0722258799	0.1148906996	-0.1224052194	-0.0739368178	-0.0705652995	-0.0731320189	-0.083086773	0.012319796899999999	-0.0438572071	-0.0432881436	-0.0615638541	-0.0140195689	-0.0905424305	-0.0306442339	0.045608492300000004	0.0399463611	-0.11101413519999999	0.0867342751	0.0823011653	-0.0073539582	-0.06854045730000001	0.10223581949999999	-0.010407830600000001	-0.030381860899999998	-0.0668507229	-0.06827357889999999	0.1267390425	0.0547255758	-0.1141663568	-0.1484017649	0.1184467267	-0.0281908454	-0.0833259115	-0.153930597	-0.026098757	0.09308700789999999	0.0164330166	-0.0159410553	-0.057554951500000014	0.019224383	-0.0175757058	0.0619366237	0.0097557352	0.0759356876	-0.0713265937	-0.0193347823	0.1570712786	-0.010571834099999998	-0.09445815140000001	0.0810420645	-0.09654943380000001	-0.08214737429999999	-0.13161241939999999	-0.0251858218	0.0026160168	0.10939379490000001	-0.042119610099999996	-0.0159654781	0.0175869539	0.0324863294	-0.0162584671	-0.0231210538	-0.0490432778	0.054134599900000004	-0.021682313199999997	-0.09707600890000001	-0.011933523400000002	0.044374984299999996	-0.037604626	-0.10647325220000001	0.1516285661	-0.0326197523	0.030088067599999997	0.0791558875	-0.0065251263	0.030364722	0.19868902579999997	0.0269850406	-0.0305830121	-0.023582640800000002	-0.059438122300000014	0.0303547446	-0.0780206092	-0.0008339761	0.0902818796	0.0088738798	0.047257012800000005	-0.1477554085	0.0392047788	-0.0338636825	0.0310961916	-0.079879464	0.0445974349	0.0031426060999999996	-0.050004779900000004	0.0828984341	-0.0926349341	0.0764944501	-0.0389857244	-0.0094134174	-0.0434366	0.08705740000000001	0.00188673821956	0.007578990894760001	0.0466823	-0.004983399999999992	2.483427555999992e-05	0.00217923713329	0.0388498	0.2206018	0.048665154163240014	0.0015093069600400006	-0.00323932	-0.00451121	1.04931940624e-05	2.03510156641e-05	-0.00151664	-0.0008788090000000001	7.723052584810004e-07	2.3001968896e-06	-0.00222912	0.0008439900000000003	4.968975974399998e-06	7.123191201000003e-07	0.0	0.0	0.0	0.0	0.0	0.0	0.0	0.0	0.0	0.0	0.0	0.0	0.0	0.0	0.0	0.0	0.0	0.0	0.0	0.0	0.0	0.0	0.0	0.0	0.0	0.0	0.0	0.0	0.0	0.0	0.0	0.0	0.0	0.0	0.0	0.0	0.0	0.0	0.0	0.0	0.0	0.0	0.0	0.0	0.0	0.0	0.0	0.0	0.0	0.0	0.0	0.0	0.0	0.0	0.0	0.0	0.0	0.0	0.0	0.0	0.0	0.0	0.0	0.0	0.0	0.0	0.0	1.0	0.0	0.0	0.0	0.0	0.0	0.0	0.0	0.0	0.0	0.0	0.0	0.0	0.0	0.0	0.0	0.0	0.0	0.0	0.0	0.0	0.0
337.3652151781585	2.745601680874813	113815.28841220519	7.5383285900226	239.38748183881125	0.8516770424537583	57306.36646112719	0.7253537846427808	230.1046376817582	1.6533190701392757	2.7334639476861984	52948.144282653215	1.708502	79.84536699999998	2.3875279	-0.0453514588	0.0174484676	0.0044939376	0.0776139168	-0.13012174029999998	0.0509750023	0.0727451485	-0.1474323077	-0.0011056539	0.06547491	0.0818451516	0.0890820031	0.013521115	-0.2934649405	-0.26057159480000003	0.0340446298	-0.0122629825	-0.087969065	-0.2673879824	-0.0341630935	0.05579647	-0.053394051799999995	-0.1044913591	-0.17831044329999998	0.1390108049	0.0766480468	-0.0030799993	0.07257792910000001	-0.0801192712	0.053151562400000005	-0.0411213698	-0.2371798386	0.081679698	-0.0905927979	0.0324918131	0.1391049485	-0.015735414099999998	-0.1628650145	-0.0379859662	0.014545175700000001	-0.055752693	-0.0338070506	-0.0512577579	0.0730377537	0.06360639	0.0448867189	-0.0913868493	0.0453824963	0.09084887289999999	0.0165790477	-0.0026318938	0.0577314445	0.22400601469999998	0.126755998	-0.0663439386	-0.12213652550000001	0.0625062094	0.1416596468	0.021208456	-0.0033715845	-0.0348762062	0.19378274339999998	0.2785820043	-0.0808749459	-0.1995321394	-0.17426544730000001	-0.012087194099999999	0.1275578618	-0.0839713691	-0.0794003921	-0.0630076044	-0.0093207854	-0.1184400491	0.1399241918	0.2263637663	0.0331935085	-0.1254184941	-0.007841366899999999	-0.0897127435	0.0294912626	0.0749209919	-0.0752927964	-0.0137078963	-0.10062748099999999	0.0317871942	-0.0082631463	-0.0546544229	0.0326558279	-0.0270924915	-0.07388786950000001	0.0744459643	-0.0333474788	-0.0838452988	-0.022143569900000003	-0.06040245690000001	0.0932955324	-0.09276293810000001	0.0687164646	-0.0243650506	-0.0057276027	-0.11153532599999999	-0.1307880901	0.0394971655	-0.0805130088	0.0467863066	-0.0006286365	-0.0456960603	0.079879464	-0.0928391566	0.0811317903	-0.0478679739	0.0018857942000000002	0.0931431	0.1365797	0.008675637077610002	0.01865401445209	-0.428464	-0.47514629999999997	0.22576400640369	0.183581399296	0.599557	0.5607072	0.31439256413184	0.35946859624899996	-0.0224049	-0.01916558	0.0005019795440100001	0.0003673194567364001	-0.0035175	-0.00200086	4.003440739599999e-06	1.2372806249999997e-05	0.000906334	0.003135454	8.214413195559999e-07	9.831071786115997e-06	0.0	0.0	0.0	0.0	0.0	0.0	0.0	0.0	0.0	0.0	0.0	0.0	0.0	0.0	0.0	0.0	0.0	0.0	0.0	0.0	0.0	0.0	0.0	0.0	0.0	0.0	0.0	0.0	0.0	0.0	0.0	0.0	0.0	0.0	0.0	0.0	0.0	0.0	0.0	0.0	0.0	0.0	0.0	0.0	0.0	0.0	0.0	0.0	0.0	0.0	0.0	0.0	0.0	0.0	0.0	0.0	0.0	0.0	0.0	0.0	0.0	0.0	0.0	0.0	0.0	0.0	0.0	0.0	1.0	0.0	0.0	0.0	0.0	0.0	0.0	0.0	0.0	0.0	0.0	0.0	0.0	0.0	0.0	0.0	0.0	0.0	0.0	0.0	0.0
333.4619282778953	-3.903286900263197	111196.8576108122	15.235648625766276	239.76023554507384	0.3727537062625856	57484.97054862929	0.13894532553249395	229.3601604800093	-0.7444772017488788	0.5542463039238408	52606.083215415616	1.560619	72.934166	0.6943643499999999	-0.0978704655	0.0076541245	-0.022848156499999998	0.0841139157	-0.164451273	0.0437908458	0.0499215492	-0.1318192982	0.0580685083	-0.0244554147	0.0269383875	0.1009247582	-0.1650230996	-0.0524264685	-0.1077606102	0.036029222	0.09254346769999999	0.0418905872	-0.1876952419	-0.2193712662	-0.014929389099999999	-0.026455772000000002	0.1101676333	-0.0376913707	0.0475630437	-0.0300804538	0.0022357424	0.033304872799999996	0.052384411	0.039137317799999995	-0.027813270299999998	-0.140086515	-0.034284903	0.0190788759	-0.0505926841	0.0538709928	0.1067218892	0.0816808284	-0.0838549812	-0.0429098489	0.0133735703	0.044632686399999996	0.1361063512	-0.0437129511	0.0929478976	-0.013086955	0.0888623139	0.074220447	0.075496833	0.0554825766	-0.0354367519	0.042256859	0.1566641637	0.17900665510000002	-0.0622440958	-0.10425332220000001	0.09613668199999999	0.0076482901	0.0362548358	0.0031082307000000003	-0.029928224399999998	0.2487004041	0.0415138644	0.041527662400000005	0.08676473859999999	-0.2226419043	-0.0610898569	0.0636699206	0.1561754272	0.006507533	0.0181430891	-0.0015583317	0.009226470799999999	-0.017609300300000002	0.0777758693	0.051389947000000005	-0.148586414	0.0321554425	-0.0284404067	-0.0574963477	0.0687365517	0.027997476299999997	0.02790244	0.025787249900000003	-0.035247892	0.050043663200000005	0.0378533506	-0.0368229891	-0.0159827596	0.1096083427	-0.05912945190000001	0.042929362199999994	-0.0986599337	0.0079148614	0.181869616	0.13001508109999999	0.0088868475	0.0270098195	-0.0336981167	-0.0216433089	-0.018906942	0.045223945	-0.0191122463	-0.0811317903	0.0489408639	-0.0043988416999999995	-0.0412533063	0.0764944501	-0.0924308615	0.08504070400000001	-0.056189015300000006	0.013157031000000001	0.0532544	-0.039888700000000006	0.00283603111936	0.0015911083876900005	-0.5463939999999999	-0.11792999999999992	0.013907484899999982	0.2985464032359999	0.463222	-0.13633499999999998	0.018587232225	0.214574621284	-0.0163675	0.006037400000000003	0.00026789505625000003	3.645019876000002e-05	-0.00305235	0.00046514999999999973	2.1636452249999966e-07	9.3168405225e-06	-0.000595329	-0.001501663	3.5441661824099997e-07	2.254991765569e-06	0.0	0.0	0.0	0.0	0.0	0.0	0.0	0.0	0.0	0.0	0.0	0.0	0.0	0.0	0.0	0.0	0.0	0.0	0.0	0.0	0.0	0.0	0.0	0.0	0.0	0.0	0.0	0.0	0.0	0.0	0.0	0.0	0.0	0.0	0.0	0.0	0.0	0.0	0.0	0.0	0.0	0.0	0.0	0.0	0.0	0.0	0.0	0.0	0.0	0.0	0.0	0.0	0.0	0.0	0.0	0.0	0.0	0.0	0.0	0.0	0.0	0.0	0.0	0.0	0.0	0.0	0.0	0.0	0.0	1.0	0.0	0.0	0.0	0.0	0.0	0.0	0.0	0.0	0.0	0.0	0.0	0.0	0.0	0.0	0.0	0.0	0.0	0.0	0.0
333.6506680078084	0.1887397299130953	111322.76826205678	0.03562268564766816	237.3040601398016	-2.456175405272233	56313.21695883457	6.032797621464222	227.0286053462471	-2.331555133762208	5.436149341772909	51541.987645462024	1.908526	89.193291	3.50361745	0.0804982202	-0.0549045496	0.1192604391	0.0325947217	0.0709848788	0.1569544383	-0.0153450458	-0.041505039300000005	0.12951738570000002	-0.0010682760000000002	-0.0758376781	-0.1065754235	-0.1114337725	-0.002266737	0.0203919082	0.0201654182	-0.0880246062	-0.0046508960999999995	0.17022864629999998	0.024520092	0.1318332794	0.0247866316	0.130752962	-0.17291063850000002	0.0864541566	0.17233435079999998	0.1047757734	-0.0009203095	0.2056706284	-0.1504956968	-0.029491289700000006	-0.0555208032	-0.0059085512	0.023070513900000002	-0.14990478529999998	0.081997956	-0.060695848899999995	-0.0066804902	0.1016577816	-0.16935934309999998	0.0562307758	-0.1111181792	0.0672693069	-0.08764784869999999	-0.0774754929	-0.0483882895	0.0046518796000000005	-0.0122149952	-0.096183166	-0.120877519	-0.06525511519999999	0.0334866293	0.0409683778	-0.0699188183	-0.1674558094	-0.045967827	0.0336638254	-0.1122198016	0.0371335925	-0.0594788999	0.13992295130000001	0.039402244100000004	-0.0338741505	0.0430299705	0.0706317933	0.1596323241	0.0954499768	-0.0964088068	0.005937129300000001	-0.014493880700000001	0.0230869366	0.047444880700000004	0.0581364776	0.1439034791	0.12133733769999999	-0.0554070232	-0.0847860132	0.07328361679999999	0.1054750293	-0.0694966321	0.1540297156	-0.1921945146	-0.0356244538	-0.0025645849	-0.0427841054	-0.0999866031	-0.1217552952	-0.009365008900000001	-0.0437356007	0.0009073928999999999	-0.0733273333	0.0960571582	-0.0430749046	-0.0441781195	-0.1057098288	0.072410883	0.0011632208	-0.1288122027	-0.1268080846	-0.0647641254	0.2287024369	-0.0039101771	-0.010752429099999999	-0.08173569509999999	0.051059526699999996	-0.0081617885	-0.0366895492	0.07275890410000001	-0.0914127426	0.0881860959	-0.0638512918	0.0242330906	-0.207156	-0.2604104	0.042913608336000005	0.06781357642816001	-0.198179	0.34821499999999994	0.12125368622499995	0.039274916041	-0.374367	-0.8375889999999999	0.7015553329209999	0.140150650689	0.0140121	0.0303796	0.00019633894641000004	0.0009229200961599999	0.00338694	0.00643929	4.146445570410001e-05	1.1471362563600003e-05	-0.0049245	-0.004329171	2.425070025e-05	1.8741721547241002e-05	0.0	0.0	0.0	0.0	0.0	0.0	0.0	0.0	0.0	0.0	0.0	0.0	0.0	0.0	0.0	0.0	0.0	0.0	0.0	0.0	0.0	0.0	0.0	0.0	0.0	0.0	0.0	0.0	0.0	0.0	0.0	0.0	0.0	0.0	0.0	0.0	0.0	0.0	0.0	0.0	0.0	0.0	0.0	0.0	0.0	0.0	0.0	0.0	0.0	0.0	0.0	0.0	0.0	0.0	0.0	0.0	0.0	0.0	0.0	0.0	0.0	0.0	0.0	0.0	0.0	0.0	0.0	0.0	0.0	0.0	1.0	0.0	0.0	0.0	0.0	0.0	0.0	0.0	0.0	0.0	0.0	0.0	0.0	0.0	0.0	0.0	0.0	0.0	0.0
334.567143977818	0.9164759700095716	111935.17382947399	0.839928203604985	238.30598686964703	1.0019267298454224	56789.743377916384	1.003857171978742	229.5105275593177	2.4819222130705896	6.159937871733212	52675.08226055633	1.519658	71.019882	0.3103759999999999	0.0318155322	-0.0070180305	0.057863997800000004	0.032243663799999996	0.0382512369	0.0645446577	-0.0565952932	-0.0507692351	0.0353314897	-0.032111454	0.0396591801	-0.1594088387	-0.0207747829	-0.0394450326	0.2079647083	0.0587302632	-0.029326892400000002	-0.0111859307	0.0210314684	0.26030633870000003	-0.0259534271	-0.10667382550000001	-0.046130142400000004	-0.1707140972	-0.0380623661	0.10883132890000001	0.075930727	0.0145540756	-0.0014437726	-0.1108577357	0.0726080313	0.0718438475	0.0045209961	-0.0316925328	0.0178446939	-0.0006613883	0.050633324800000004	-0.062177735199999994	0.0417405849	0.0455770134	-0.1116893017	-0.051601497999999996	0.0403247627	-0.0402223041	-0.036247204500000005	-0.1107962818	-0.0312203422	0.0211186102	-0.0509454982	-0.0544184703	-0.0082478259	0.021528332	-0.017248646200000002	-0.037584919	-0.0628288778	0.008457663399999999	0.0756571353	-0.0708379976	0.035867154	0.1344690362	0.1430623679	-0.1556842514	0.047407392199999995	0.14329095779999998	-0.0115839465	0.0815939431	0.0238102755	-0.0407265289	-0.1133029402	0.0043545247	-0.0177227961	0.06726545240000001	-0.0581689617	0.2616441039	-0.0046178182	-0.0592288846	0.1839210662	0.0706239603	0.03442584	-0.0692861601	-0.017661083600000002	0.0089850587	0.10339045300000001	-0.1277147006	0.033092391	-0.046827964900000005	-0.0017885986	-0.010622423600000002	0.038230030400000004	-0.029774411	-0.0275629821	-0.0741650027	-0.1224402155	0.0092490226	-0.0536820407	0.0947172427	0.0905175533	0.0352889067	-0.022087333900000002	-0.0272980413	0.0313853872	0.0577558897	-0.08342835629999999	-0.0823246123	0.053140741	-0.0119112676	-0.0320181754	0.068689944	-0.08979151710000001	0.0905397255	-0.07076497030000001	0.034949665899999996	-0.211632	-0.004476000000000008	0.044788103424	2.0034576000000072e-05	-0.13148	0.06669900000000001	0.0044487566010000005	0.017286990399999997	-0.393052	-0.01868500000000001	0.0003491292250000003	0.154489874704	0.017026200000000002	0.0030141000000000005	0.0002898914864400001	9.084798810000004e-06	0.0046628	0.0012758599999999998	1.6278187395999994e-06	2.174170384e-05	-0.00504486	-0.00012035999999999993	2.54506124196e-05	1.4486529599999978e-08	0.0	0.0	0.0	0.0	0.0	0.0	0.0	0.0	0.0	0.0	0.0	0.0	0.0	0.0	0.0	0.0	0.0	0.0	0.0	0.0	0.0	0.0	0.0	0.0	0.0	0.0	0.0	0.0	0.0	0.0	0.0	0.0	0.0	0.0	0.0	0.0	0.0	0.0	0.0	0.0	0.0	0.0	0.0	0.0	0.0	0.0	0.0	0.0	0.0	0.0	0.0	0.0	0.0	0.0	0.0	0.0	0.0	0.0	0.0	0.0	0.0	0.0	0.0	0.0	0.0	0.0	0.0	0.0	0.0	0.0	0.0	1.0	0.0	0.0	0.0	0.0	0.0	0.0	0.0	0.0	0.0	0.0	0.0	0.0	0.0	0.0	0.0	0.0	0.0
333.4912836097661	-1.0758603680518493	111216.43624368947	1.1574755315446599	237.39444195253898	-0.9115449171080456	56356.1210699574	0.8309141359055138	227.4737328359527	-2.0367947233650057	4.14853274512753	51744.29913032238	1.5916709999999998	74.385368	1.5004837999999998	-0.0523558871	0.0557515788	-0.0084863944	-0.07050328089999999	-0.0109644221	-0.045767473600000004	-0.0602281918	0.018497776299999998	0.10111667640000001	-0.030950348399999997	-0.012560139199999999	-0.0909810099	-0.0003997223	0.0085783797	-0.0226294424	-0.0298547659	-0.11286911210000004	0.057382538	0.0228608762	-0.0769240866	-0.0969523386	-0.0166621127	0.0264086482	0.0403115281	-0.080968367	0.012017426299999998	0.0639013775	0.10456062070000001	-0.018423345600000002	0.05762631820000001	0.052078107199999994	0.0315327157	0.11249369949999999	-0.1384454453	0.014965767900000001	-0.0626454961	-0.0405091137	0.12693119320000001	0.0943804035	-0.0171189099	0.0257526681	-0.022774542999999998	0.035386379100000004	0.0657522666	0.0991912199	0.0928278139	-0.1407330055	0.0649618413	9.18685e-05	0.0036861520000000003	0.041889934	-0.06237746230000001	-0.0829787016	0.005193629	0.0450997067	-0.0215547219	-0.024007101200000002	-0.1400472788	0.018739185	-0.006883423499999999	0.0466736692	-0.0207877186	0.003925513	-0.0348001721	-0.0519602019	0.0750706593	-0.0797982104	0.08107009230000001	0.0822950155	0.0528979713	0.0069573299	0.0252113739	0.09847348660000001	0.0158239632	0.0365782569	0.0468921625	0.027650290499999997	-0.1055215671	0.0638441398	-0.131870716	-0.08769653949999999	0.01203066	-0.0426910914	0.0146267126	0.0494087324	0.0239582777	0.0099592306	0.0016932129999999998	-0.021263212000000004	-0.178414514	-0.0658813747	-0.0282160609	0.0905377409	0.2227461501	-0.037490175	-0.08447501660000001	-0.0370758088	0.011325701499999999	-0.0267411613	-0.0618220076	-0.0849807982	-0.0570594471	-0.0160030175	-0.0828984341	0.0551829804	-0.0156410921	-0.0272528867	0.0643062155	-0.08757788119999999	0.09208046130000001	-0.07684899419999999	0.0451477824	-0.07294289999999999	0.1386891	0.0053206666604099975	0.01923466645881	-0.0499376	0.08154239999999999	0.006649162997759998	0.0024937638937600004	-0.035701199999999995	0.35735079999999997	0.12769959426064	0.0012745756814399995	0.00399507	-0.013031130000000002	1.59605843049e-05	0.00016981034907690004	0.00170867	-0.00295413	8.726884056900001e-06	2.9195531689e-06	-0.00257209	0.00247277	6.6156469681e-06	6.1145914729e-06	0.0	0.0	0.0	0.0	0.0	0.0	0.0	0.0	0.0	0.0	0.0	0.0	0.0	0.0	0.0	0.0	0.0	0.0	0.0	0.0	0.0	0.0	0.0	0.0	0.0	0.0	0.0	0.0	0.0	0.0	0.0	0.0	0.0	0.0	0.0	0.0	0.0	0.0	0.0	0.0	0.0	0.0	0.0	0.0	0.0	0.0	0.0	0.0	0.0	0.0	0.0	0.0	0.0	0.0	0.0	0.0	0.0	0.0	0.0	0.0	0.0	0.0	0.0	0.0	0.0	0.0	0.0	0.0	0.0	0.0	0.0	0.0	1.0	0.0	0.0	0.0	0.0	0.0	0.0	0.0	0.0	0.0	0.0	0.0	0.0	0.0	0.0	0.0	0.0
325.2628523637332	-8.228431246032981	105795.92312779168	67.7070807706919	236.81681035207802	-0.5776316004609612	56082.20166533209	0.3336582658510915	228.0421409300803	0.5684080941276193	0.3230877614697925	52003.21803997461	1.135016	53.043976	0.2404421	-0.030111662200000007	-0.020223518899999997	-0.0868327902	-0.0395466329	0.017400664099999998	-0.1282748585	0.037272972599999996	0.0317423306	0.0217201529	-0.0368945386	-0.0444201084	-0.0848098297	-0.069652375	-0.0419728678	0.0026027979	-0.009854671800000001	0.0666972682	-0.0279881033	0.0076930926	-0.044629671399999994	-0.11455791720000001	-0.0147696116	-0.0473096877	0.0316397247	-0.0162309546	0.0302904492	0.054975595700000005	0.0267900044	0.18413696629999998	-0.0072117495	-0.0104968074	0.0061585660999999995	0.0895429232	0.06030866980000001	-0.08486316220000001	0.006682358199999999	0.055836908	0.038423681200000004	-0.0327861302	0.001370004	0.0846325138	0.0310732443	-0.0546927244	0.09066083300000001	0.0705641003	-0.0341741624	0.0826234844	-0.0051055155	-0.018710206899999998	0.06439799110000001	-0.0395749544	-0.1365113317	-0.1262850865	-0.0142544726	0.1204946446	-0.0440222951	-0.0358496798	-0.0327235229	-0.042250862199999996	0.0274799261	0.1024622175	0.0370998639	0.021017854500000002	-0.029708333700000002	0.0405073428	-0.0376179955	0.020539851499999998	0.025130036	0.0372320357	0.0655121548	0.0003610551	-0.0503511256	0.0344848283	-0.048640429000000006	-0.022112454500000003	0.0237102744	-0.0312615891	0.032609049300000005	0.0313003304	-0.1142632334	-0.0272380377	-0.0597785155	-0.0577640963	0.0572750086	-0.0812897106	-0.026627009	0.023635674199999998	0.072114549	0.060397075	-0.056469858	0.0628613526	-0.11385863789999999	0.060732488200000004	0.00670682	0.1193364613	0.012595416100000001	-0.09185304470000001	0.0032835738	0.11053951810000001	-0.1192754607	0.0293956175	-0.0033952959000000003	-0.1099247436	-0.08345705519999999	0.0571847471	-0.0193451075	-0.0224076607	0.059627806900000004	-0.08478643960000001	0.0927944701	-0.0820320339	0.0546761568	-0.0553309	0.017611999999999996	0.0030615084948099995	0.0003101825439999998	-0.010503299999999998	0.0394343	0.0015550640164899998	0.00011031931088999995	0.0104206	0.046121800000000004	0.0021272204352400003	0.00010858890436	0.00203979	-0.00195528	4.1607432441e-06	3.823119878399999e-06	0.00134785	-0.00036082	1.3019107239999998e-07	1.8166996225e-06	-0.00214271	0.00042938	4.5912061441e-06	1.8436718440000004e-07	0.0	0.0	0.0	0.0	0.0	0.0	0.0	0.0	0.0	0.0	0.0	0.0	0.0	0.0	0.0	0.0	0.0	0.0	0.0	0.0	0.0	0.0	0.0	0.0	0.0	0.0	0.0	0.0	0.0	0.0	0.0	0.0	0.0	0.0	0.0	0.0	0.0	0.0	0.0	0.0	0.0	0.0	0.0	0.0	0.0	0.0	0.0	0.0	0.0	0.0	0.0	0.0	0.0	0.0	0.0	0.0	0.0	0.0	0.0	0.0	0.0	0.0	0.0	0.0	0.0	0.0	0.0	0.0	0.0	0.0	0.0	0.0	0.0	0.0	0.0	0.0	0.0	0.0	0.0	0.0	0.0	0.0	0.0	0.0	0.0	0.0	0.0	0.0	0.0
339.83319570762256	14.57034334388942	115486.6009048553	212.29490515882267	238.49211795974608	1.67530760766806	56878.490328925436	2.8066555803104785	229.21611585159542	1.1739749215151107	1.3782171163464103	52540.02776609201	1.0241	47.860409	0.14905440000000006	-0.0163376457	-0.1037289589	-0.0173117406	-0.1449740409	-0.0526488204	-0.009378982099999999	-0.0376569739	0.0285619659	-0.076436218	0.0565199797	-0.0874894449	-0.1134697355	0.0081251694	0.0274360693	-0.08920054449999999	-0.0296342633	0.0276252244	0.0052719703000000005	-0.0119184105	-0.1626687237	-0.0626509115	-0.0063479009	-0.07712650110000001	-0.0389193627	0.0257425653	-0.0239767532	-0.037832722799999996	-0.1281703005	0.0250032872	0.0797451674	0.0047646499	-0.0071811638	0.0031068422	0.041585170299999995	0.0427348924	-0.1271074024	-0.17062199390000002	-0.0101690556	0.0032920501	0.0406917138	-0.0520858772	0.0416278111	0.0011983359	-0.0693586256	-0.0559720692	-0.0417212731	-0.0282423973	-0.032985687	0.1055443256	-0.1277730341	0.0084889579	-0.0676228171	-0.06129243	0.0416621946	0.018548334	0.0589327165	-0.0166848593	0.0162279907	-0.0137916128	-0.055561088099999996	0.1297885516	-0.0048193987	-0.0400031315	-0.1224260543	-0.0351836477	-0.08135667469999999	-0.027710299	0.046424130300000005	0.1008998724	-0.0152064697	0.0165908114	0.012556743700000001	-0.050821043899999994	-0.0602240159	-0.11357561279999999	-0.058281019800000014	-0.0691410399	0.031617210699999995	-0.0711127768	0.10147871630000001	-0.0258600502	-0.0735462865	0.043110387199999996	0.0409055657	-0.0439559324	0.10051418029999999	-0.0381913327	-0.0852773514	-0.0062615310999999995	0.0201191844	-0.0400488021	-0.029295183500000002	0.0711043383	0.0887882993	-0.1251275584	0.015697483300000002	0.1587381034	-0.0096378703	0.0232134731	-0.0326027689	-0.0740692701	-0.0070719519	-0.0069970266	-0.0840003732	0.0591445729	-0.0230172018	-0.0174967091	0.0546761568	-0.0814356093	0.0926753413	-0.0862533231	0.063393441	-0.0604285	-0.005097600000000001	0.00365160361225	2.598552576000001e-05	-0.0716039	-0.0611006	0.0037332833203600002	0.00512711849521	-0.0304756	-0.0408962	0.00167249917444	0.0009287621953600001	0.00230179	0.0002620000000000001	5.298237204100002e-06	6.864400000000004e-08	0.00176348	0.00041563	1.7274829689999995e-07	3.1098617104e-06	-0.00230428	-0.0001615700000000002	5.309706318400002e-06	2.6104864900000062e-08	0.0	0.0	0.0	0.0	0.0	0.0	0.0	0.0	0.0	0.0	0.0	0.0	0.0	0.0	0.0	0.0	0.0	0.0	0.0	0.0	0.0	0.0	0.0	0.0	0.0	0.0	0.0	0.0	0.0	0.0	0.0	0.0	0.0	0.0	0.0	0.0	0.0	0.0	0.0	0.0	0.0	0.0	0.0	0.0	0.0	0.0	0.0	0.0	0.0	0.0	0.0	0.0	0.0	0.0	0.0	0.0	0.0	0.0	0.0	0.0	0.0	0.0	0.0	0.0	0.0	0.0	0.0	0.0	0.0	0.0	0.0	0.0	0.0	0.0	0.0	0.0	0.0	0.0	0.0	0.0	0.0	0.0	0.0	0.0	0.0	0.0	0.0	0.0	0.0
331.04284193901526	-8.790353768607304	109589.36319905984	77.27031937726863	238.24775086152687	-0.2443670982192145	56761.99079057617	0.05971527869207925	230.41628258993595	1.2001667383405277	1.4404001998189406	53091.66328256521	1.044704	48.823349	0.1337358	-0.014591564599999999	-0.0663495589	0.0786683225	-0.0293690494	-0.0096658476	0.0524534358	-0.0232108627	0.10807978160000001	-0.0208686518	-0.0129011999	-0.0432982223	-0.007848578299999999	0.0015506310999999998	-0.037584175899999996	0.008196369399999999	-0.0704369717	0.0973287828	-0.0346890684	0.0077333156	0.0253945925	0.047709329800000005	-0.0511427078	-0.0754558204	0.0397216364	-0.0286096884	-0.07284132530000001	0.009341008199999999	0.005734465699999999	-0.0276652875	-0.1034181277	-0.025159454300000002	-0.0804296639	0.0460267075	-0.0056071209	-0.046289619299999994	-0.06383854530000001	-0.0542360572	0.0171601026	-0.0202934523	-0.0199911332	0.0409735179	0.0997001067	-0.0808808675	-0.0509173426	0.0734962071	-0.0012441661	-0.0316782391	-0.0031804331	-0.0159621136	-0.0333964021	-0.08971830630000001	0.0231314213	-0.1040051163	0.0085289737	-0.034639572	0.09450953460000001	-0.0644190793	-0.0033292263	-0.0454586942	-0.005978872099999999	0.026535401099999998	0.000455954	0.033286475	-0.087415874	0.005035447199999999	-0.0358370071	0.040932914	-0.0538183352	-0.003149223	-0.1373336255	0.035915962200000005	-0.0372453739	0.0117443923	-0.0020474385	0.0161562934	-0.0373755152	0.051474411	-0.022888775099999998	-0.0473858999	0.0895696003	-0.0309803338	0.044354469699999996	-0.026862282	-0.0046338804	-0.0440511484	-0.058046580999999986	0.0504722317	-0.0151839702	-0.1009632763	0.0136489202	-0.031716645	-0.0222800373	0.1848171939	-0.0095246676	-0.003653818	-0.0356903607	0.0250332834	0.10539371970000001	0.1063501248	-0.0411694538	-0.056515268099999995	-0.0616686919	-0.0068192745999999995	-0.0845282884	0.0610610204	-0.026651315699999997	-0.012534436599999999	0.0494739559	-0.0775474976	0.0917241444	-0.08946337089999999	0.0711703189	-0.0854763	-0.02504780000000001	0.007306197861690002	0.0006273922848400005	-0.112338	-0.04073410000000001	0.0016592669028100008	0.012619826244	-0.0297297	0.0007458999999999973	5.563668099999959e-07	0.00088385506209	0.00334105	0.0010392599999999995	1.11626151025e-05	1.0800613475999997e-06	0.00189364	0.00013016000000000004	1.694162560000001e-08	3.5858724496e-06	-0.00247902	-0.00017474000000000005	6.145540160400002e-06	3.0534067600000016e-08	0.0	0.0	0.0	0.0	0.0	0.0	0.0	0.0	0.0	0.0	0.0	0.0	0.0	0.0	0.0	0.0	0.0	0.0	0.0	0.0	0.0	0.0	0.0	0.0	0.0	0.0	0.0	0.0	0.0	0.0	0.0	0.0	0.0	0.0	0.0	0.0	0.0	0.0	0.0	0.0	0.0	0.0	0.0	0.0	0.0	0.0	0.0	0.0	0.0	0.0	0.0	0.0	0.0	0.0	0.0	0.0	0.0	0.0	0.0	0.0	0.0	0.0	0.0	0.0	0.0	0.0	0.0	0.0	0.0	0.0	0.0	0.0	0.0	0.0	0.0	0.0	0.0	0.0	0.0	0.0	0.0	0.0	0.0	0.0	0.0	0.0	0.0	0.0	0.0
332.55555104384985	1.5127091048345849	110593.19453007863	2.28828883584945	237.7798966923079	-0.467854169218981	56539.27927100461	0.21888752365558292	228.5177971216519	-1.8984854682840364	3.6042470732856566	52220.38360133246	1.19822	55.99778000000001	0.3803622	0.027728408399999998	0.043691456100000005	0.06286055809999999	0.0501700651	0.0409729713	0.0365943863	-0.024035405299999996	0.0614085209	-0.0703784299	-0.0403323339	0.0605972781	0.0248989811	-0.0081710882	0.0044942506	0.0256299704	-0.0173970818	-0.1577625915	0.0027073524	0.019037701	-0.0403794853	-0.0772357716	0.1555419103	0.07822179230000001	-0.0020969906	-0.0722884602	0.0545189808	-0.0863025374	-0.1191291671	0.1065992131	0.0676335373	-0.0546777641	0.0622526121	-0.0217074277	0.1245498333	0.0012759669	0.0600811578	-0.0234057325	-0.027787213300000002	0.077194583	0.0882096108	0.043355409000000004	0.072007335	-0.0401640078	-0.039625485099999996	-0.0219630811	0.0107747575	0.0162020496	-0.0149564971	-0.027321239	0.0023480066	0.0711268081	0.11710025240000001	-0.0744332895	-0.0438971916	-0.024901121600000003	0.0790982487	-0.0225000516	0.0363111037	-0.0371102574	0.0615110662	-0.0140018813	0.012394278600000001	-0.0387287155	0.04397684650000002	-0.0029262992	0.17046552920000002	0.0073633822	0.0877372969	0.054787691799999996	0.1123997585	-0.1173502325	-0.0542567929	0.079446718	-0.0541270744	-0.0221634204	-0.035258392799999996	-0.0749973113	0.0613214991	0.0560776509	0.0755732684	-0.1221460525	-0.0173836141	-0.07131132849999999	-0.039686749	0.0175547179	0.0036602362	-0.1572409308	0.0351639345	-0.0819825564	0.1148467472	-0.0118249177	-0.0666812542	-0.0071790902	-0.1113534956	0.015825903	0.0081502447	-0.06697838269999999	0.0388726652	-0.0334253877	0.0545046958	0.0274409444	-0.043082261600000005	0.08961090810000001	-0.08504070400000001	0.0629326842	-0.030241452599999996	-0.0075353985	0.044045043	-0.07314775700000001	0.08994941960000001	-0.09162454240000001	0.0778914249	-0.157335	-0.0718587	0.024754302225	0.00516367276569	-0.0911773	0.021160700000000005	0.0004477752244900002	0.008313300035290001	-0.197808	-0.1680783	0.02825031493089	0.03912800486399999	0.00477739	0.0014363400000000006	2.2823455212100007e-05	2.063072595600001e-06	0.00130594	-0.0005877	3.4539128999999997e-07	1.7054792836e-06	-0.00284027	-0.00036125	8.067133672900003e-06	1.305015625e-07	0.0	0.0	0.0	0.0	0.0	0.0	0.0	0.0	0.0	0.0	0.0	0.0	0.0	0.0	0.0	0.0	0.0	0.0	0.0	0.0	0.0	0.0	0.0	0.0	0.0	0.0	0.0	0.0	0.0	0.0	0.0	0.0	0.0	0.0	0.0	0.0	0.0	0.0	0.0	0.0	0.0	0.0	0.0	0.0	0.0	0.0	0.0	0.0	0.0	0.0	0.0	0.0	0.0	0.0	0.0	0.0	0.0	0.0	0.0	0.0	0.0	0.0	0.0	0.0	0.0	0.0	0.0	0.0	0.0	0.0	0.0	0.0	0.0	0.0	0.0	0.0	0.0	0.0	0.0	0.0	0.0	0.0	0.0	0.0	0.0	0.0	0.0	0.0	0.0
336.9845367398594	4.4289856960095335	113558.57800177766	19.61591429545705	238.17948772169132	0.3995910293834015	56729.468371367286	0.15967299076368646	231.22013519814288	2.7023380764909457	7.302631079652786	53462.75092104746	1.189242	55.578205	0.2245729	0.052126313099999995	0.1292549936	-0.1177963335	0.025545988	0.0513553213	-0.09680607199999999	-0.0622036248	-0.0898935468	-0.0957447541	-0.1108880205	0.0784125544	0.0234084028	0.0849679169	0.0177364202	0.0164121918	0.0252883831	-0.0770123689	0.0038679724	-0.0669330087	0.0472164826	0.0984511927	0.0182469842	0.0503236651	-0.08197441280000001	0.0351250867	-0.0142259747	0.012911838899999998	-0.1287435338	-0.0859736985	0.0232251839	-0.0419937487	0.169847761	-0.050213752599999995	-0.0236583054	0.0746410633	-0.0813561218	-0.0001607916	0.0142922913	-0.0284400776	-0.0421292804	0.0062611073	0.031574385499999996	0.0594600661	0.1107028551	0.0325000014	0.1146445383	-0.0606017231	-0.0075483561	0.0076760195	0.0597541443	0.22418627929999999	-0.008890831	0.0438901434	-0.055494137699999994	0.1061506851	0.0106881598	0.1183703216	0.014150278200000001	-0.08906584050000001	0.108138096	-0.0691677728	-0.0272119262	-0.0183782917	0.07700739	-0.048703232	0.006116278199999999	-0.0494149234	0.018870268	-0.0527150828	-0.0610487562	-0.017271848	0.0686493066	-0.0261914457	0.0413386132	-0.0816139717	-0.038317603	0.0108806483	0.0308188929	-0.002487494	-0.034040838500000004	0.046763444	0.0923472499	-0.0364242249	0.0628293551	-0.05712734410000001	0.09426089060000001	0.029019116	0.0731639309	-0.0258014379	-0.0494568168	-0.0884319142	0.0212623148	-0.063048557	0.042206288700000004	0.0336854358	-0.0663771459	0.06973600519999999	-0.07020988709999999	-0.078459738	0.10128405119999999	-0.131506302	0.1009923153	-0.0007738315	-0.08553752619999999	0.0647581913	-0.0337816886	-0.0025142577	0.0384142957	-0.0682654153	0.0873671009	-0.0927115	0.08345705519999999	-0.163849	-0.006513999999999992	0.026846494801	4.24321959999999e-05	-0.07433510000000003	0.016842199999999988	0.0002836597008399996	0.005525707092010002	-0.340744	-0.14293599999999998	0.020430700096000003	0.116106473536	0.00531863	0.0005412400000000001	2.8287825076900013e-05	2.929407376000001e-07	0.0009299960000000002	-0.0003759439999999998	1.4133389113599984e-07	8.648925600160005e-07	-0.0030887	-0.0002484299999999996	9.540067689999996e-06	6.171746489999977e-08	0.0	0.0	0.0	0.0	0.0	0.0	0.0	0.0	0.0	0.0	0.0	0.0	0.0	0.0	0.0	0.0	0.0	0.0	0.0	0.0	0.0	0.0	0.0	0.0	0.0	0.0	0.0	0.0	0.0	0.0	0.0	0.0	0.0	0.0	0.0	0.0	0.0	0.0	0.0	0.0	0.0	0.0	0.0	0.0	0.0	0.0	0.0	0.0	0.0	0.0	0.0	0.0	0.0	0.0	0.0	0.0	0.0	0.0	0.0	0.0	0.0	0.0	0.0	0.0	0.0	0.0	0.0	0.0	0.0	0.0	0.0	0.0	0.0	0.0	0.0	0.0	0.0	0.0	0.0	0.0	0.0	0.0	0.0	0.0	0.0	0.0	0.0	0.0	0.0
331.5943834628189	-5.390153277040497	109954.83514408696	29.05375234999041	238.40673988234508	0.2272521606537907	56837.77362132815	0.05164354452181631	230.44773737656632	-0.7723978215765328	0.5965983947761734	53106.159661978876	1.413004	66.035522	0.6198210999999999	-0.0023251238	-0.045680890599999996	-0.12272493570000001	-0.1095512168	-0.0244003046	-0.1041967107	-0.0038952959000000003	0.010625713899999998	-0.09183175210000001	0.0452314892	-0.1027010188	0.0353347511	-0.0042219602	0.0507043913	0.0579642359	-0.0367446529	0.049961972400000006	0.0655626478	0.0156719243	0.005985298199999999	-0.09530847029999999	-0.0348346541	0.0519637045	-0.025395165600000002	-0.015881059399999998	-0.0932047092	0.0092685572	-0.070736943	0.015986028700000002	0.021507907200000002	-0.06499982509999999	0.005992332800000001	0.10288190300000001	0.0020593613	-0.053477171500000004	0.09486489869999999	-0.0753215662	0.0643426269	-0.0973769408	-0.0575293971	0.0498015703	-0.0248514127	-0.0775072679	0.0137404543	0.033164147000000005	0.0613041475	0.08468371400000001	-0.0543412627	0.0458731934	0.007113088199999998	-0.0121601695	-0.1580453889	-0.0335315811	0.023839127400000003	0.1109326721	0.048183113099999994	0.0198377899	0.0739618309	-0.0311836606	-0.07725739969999999	0.025151266800000002	-0.040102499900000005	-0.0720539305	0.0036800555	0.0548541097	-0.024829484	-0.038484066000000004	0.0200316349	0.0121876177	0.0560224471	0.038597529	0.1378300415	0.0191156856	-0.048609929100000004	0.0051318751	-0.0188179121	-0.0059242756999999995	0.081029981	0.1257085389	0.043985932199999994	0.027001368799999998	0.0087669467	-0.0643622389	0.0897488061	0.0480360058	-0.0712629289	0.012228981299999999	0.0054188216	-0.1048997295	-0.0327939921	0.0655022664	-0.0272107167	0.0780810122	-0.0862712945	0.0137303042	0.0284022104	-0.042404348200000004	0.0986474362	-0.04298724599999999	-0.0379884521	0.0524422328	0.0510000917	-0.0098902391	-0.0860186637	0.066536203	-0.0372661819	0.0025142577	0.0326075169	-0.0629326842	0.0840003732	-0.0927115	0.0877846467	-0.025527900000000003	0.1383211	0.0006516736784100001	0.01913272670521	-0.06613560000000003	0.008199499999999998	6.723180024999998e-05	0.004373917587360002	-0.160425	0.180319	0.03251494176099999	0.025736180625000004	0.00037391	-0.0049447200000000005	1.3980868809999998e-07	2.445025587840001e-05	0.000616086	-0.00031391000000000025	9.853948810000016e-08	3.795619593959999e-07	-0.0024877	0.000601	6.188651289999998e-06	3.61201e-07	0.0	0.0	0.0	0.0	0.0	0.0	0.0	0.0	0.0	0.0	0.0	0.0	0.0	0.0	0.0	0.0	0.0	0.0	0.0	0.0	0.0	0.0	0.0	0.0	0.0	0.0	0.0	0.0	0.0	0.0	0.0	0.0	0.0	0.0	0.0	0.0	0.0	0.0	0.0	0.0	0.0	0.0	0.0	0.0	0.0	0.0	0.0	0.0	0.0	0.0	0.0	0.0	0.0	0.0	0.0	0.0	0.0	0.0	0.0	0.0	0.0	0.0	0.0	0.0	0.0	0.0	0.0	0.0	0.0	0.0	0.0	0.0	0.0	1.0	0.0	0.0	0.0	0.0	0.0	0.0	0.0	0.0	0.0	0.0	0.0	0.0	0.0	0.0	0.0
337.5609173906306	5.9665339278117235	113947.37294960412	35.599527111728406	238.8194153355651	0.4126754532200323	57034.71314122115	0.17030102969035907	230.82686979254555	0.3791324159792282	0.14374138884624654	53281.04381822477	1.017154	47.535828	0.202991	0.0125315129	-0.0631301264	0.0001551419	-0.0716772146	-0.0203132241	0.0191213353	-0.0321184598	0.0391177992	-0.08696022519999999	0.0244730415	-0.1112432505	0.0728719671	0.0526163075	0.0541698975	0.0023029684	0.036710675	0.0368041856	0.0761714651	0.011039431200000002	-0.0323619627	-0.052407527300000006	0.0758164403	-0.0015322735	-0.06377020900000001	0.0910683216	0.018519854199999998	-0.0465156921	0.0820642384	-0.0649351615	-0.015633664199999998	-0.0051158665999999995	0.0152529559	-0.0025460074	-0.008047755600000001	-0.0215238827	-0.0820121615	-0.046012707699999995	0.0005578754	-0.0076189640000000015	-0.081563323	-0.034640047599999994	-0.0596904221	-0.0095805335	0.0299381686	-0.0005125368	-0.054553209500000005	-0.0362106926	-0.0487283025	0.0645966032	-0.0798665354	-0.0266136765	-0.0312393225	0.0144833027	0.015706442299999998	-0.0043986289	0.09882366710000001	0.0007564697	0.0373650554	-0.0661201498	-0.1331941529	-0.037895336200000004	-0.0226668133	-0.042064106799999994	-0.009450598900000001	0.06997121719999999	-0.0153722416	-0.049285780999999994	0.0233531032	-0.015070414099999999	0.024006748199999997	-0.048476812599999995	0.0351006532	-0.0039190326000000004	-0.0193921063	0.10587838990000001	0.0036102518	0.0068806835	-0.0020224857	0.04326576099999999	-0.0028694415	0.0284405477	-0.0882915013	0.0120969471	0.016371324099999997	-0.0388553779	-0.0156010212	0.0295376248	-0.0177967924	0.0045742546	-0.0686429867	0.036976505699999995	-0.0168156956	0.0325690816	0.0742145164	-0.10518370689999999	-0.013446922	0.0069772679	0.0274067301	0.0652276788	-0.0549412588	0.023725438999999997	0.0913431714	0.0809402239	-0.0864840284	0.0682654153	-0.0406891827	0.0075353985	0.026651315699999997	-0.0571847471	0.079879464	-0.09162454240000001	0.09081000199999999	-0.0389973	-0.013469399999999996	0.00152078940729	0.0001814247363599999	-0.114803	-0.04866739999999999	0.0023685158227599984	0.013179728809	-0.206464	-0.04603899999999997	0.0021195895209999973	0.042627383295999986	0.00131349	0.00093958	1.7252559801e-06	8.828105764000002e-07	0.00112476	0.0005086740000000001	2.5874923827600013e-07	1.2650850576e-06	-0.00293575	-0.0004480500000000002	8.6186280625e-06	2.0074880250000018e-07	0.0	0.0	0.0	0.0	0.0	0.0	0.0	0.0	0.0	0.0	0.0	0.0	0.0	0.0	0.0	0.0	0.0	0.0	0.0	0.0	0.0	0.0	0.0	0.0	0.0	0.0	0.0	0.0	0.0	0.0	0.0	0.0	0.0	0.0	0.0	0.0	0.0	0.0	0.0	0.0	0.0	0.0	0.0	0.0	0.0	0.0	0.0	0.0	0.0	0.0	0.0	0.0	0.0	0.0	0.0	0.0	0.0	0.0	0.0	0.0	0.0	0.0	0.0	0.0	0.0	0.0	0.0	0.0	0.0	0.0	0.0	0.0	0.0	0.0	0.0	0.0	0.0	0.0	0.0	0.0	0.0	0.0	0.0	0.0	0.0	0.0	0.0	0.0	0.0
328.9571079745528	-8.603809416077809	108212.77888698158	74.02553646818916	237.95204878113304	-0.867366554432067	56621.17751913872	0.7523247397473558	230.49294168017045	-0.333928112375105	0.11150798423440077	53126.996164378455	1.050416	49.09029	0.2394679	0.0118502176	-0.025226118500000002	0.0582689925	0.021715169	0.0214881619	0.0363642427	0.0077818889000000014	0.10667212949999999	-0.0482541515	-0.0157209261	-0.0411617366	0.08803461609999999	0.029754340499999997	-0.1093424031	0.1005039006	-0.0731858912	0.097803382	-0.0503038467	0.0293168394	0.044309999100000004	0.1029172177	-0.0464884017	0.0150332097	0.1510157354	0.10257226800000001	-0.06658213589999999	-0.028484215	0.0330633423	-0.0242763143	-0.0386963456	-0.050801165499999995	-0.1065696981	0.019251630500000002	-0.0770573602	-0.0333252156	-0.0327749264	0.0920418033	0.0825358186	-0.1192245482	0.0096759618	-0.0645178355	-0.0962017423	-0.0799682169	-0.0641756355	0.026679095299999997	-0.013449250900000001	0.031039504300000006	-0.0136171001	-0.055070306299999996	0.028712216699999998	-0.0691273375	0.0496169584	-0.0623433489	-0.020771406	-0.0303777292	0.0925093708	-0.0637154596	0.0549891516	-0.073312833	-0.0470166063	-0.039595300800000004	-0.0326720016	0.08623385789999999	-0.0052107698999999995	0.08162377629999999	-0.024005563599999998	0.1391394807	-0.0823648342	-0.1006130866	-0.0785199134	0.1624890127	-0.0624213953	-0.021637774300000003	-0.08628658460000001	0.10846292619999999	0.0735655724	-0.04929115480000002	0.0330113006	0.0501073975	0.0292297248	0.0279947492	0.0787921721	0.0200979545	0.0187884503	-0.0596868429	-0.0646331441	0.0651152395	0.0702650351	0.0193732698	-0.0188708746	0.0336256298	0.0125271281	0.0107475374	-0.0245605582	0.0364260965	0.0211432416	0.0332368654	0.1236979869	-0.11224059	-0.0755165128	0.031111493100000002	-0.06898714780000001	-0.0398377539	-0.0869335349	0.0699445598	-0.044045043	0.012534436599999999	0.0205729861	-0.051059526699999996	0.0750413721	-0.08946337089999999	0.0924882418	-0.0982536	-0.05925630000000001	0.009653769912960002	0.0035113090896900013	-0.0968445	0.017958500000000002	0.00032250772225000013	0.00937885718025	-0.102667	0.10379699999999996	0.010773817208999994	0.010540512889000002	0.000805165	-0.000508325	6.482906772250001e-07	2.58394305625e-07	0.000924293	-0.000200467	4.018701808899998e-08	8.543175498490001e-07	-0.00247542	0.0004603300000000001	6.127704176399998e-06	2.1190370890000013e-07	0.0	0.0	0.0	0.0	0.0	0.0	0.0	0.0	0.0	0.0	0.0	0.0	0.0	0.0	0.0	0.0	0.0	0.0	0.0	0.0	0.0	0.0	0.0	0.0	0.0	0.0	0.0	0.0	0.0	0.0	0.0	0.0	0.0	0.0	0.0	0.0	0.0	0.0	0.0	0.0	0.0	0.0	0.0	0.0	0.0	0.0	0.0	0.0	0.0	0.0	0.0	0.0	0.0	0.0	0.0	0.0	0.0	0.0	0.0	0.0	0.0	0.0	0.0	0.0	0.0	0.0	0.0	0.0	0.0	0.0	0.0	0.0	0.0	0.0	0.0	0.0	0.0	0.0	0.0	0.0	0.0	0.0	0.0	0.0	0.0	0.0	0.0	0.0	0.0
333.86891988226245	4.911811907709649	111468.45566334858	24.12589621671829	238.2930695646724	0.3410207835393635	56783.5870025538	0.1162951748058014	230.7487523695522	0.2558106893817467	0.06543910880196448	53244.98672010492	1.20704	56.409954000000006	0.2338333	-0.04419041940000002	0.07992159509999999	0.0429610237	0.039019150499999995	-0.0118790641	0.0046481433	-0.030001629900000007	0.0813132511	-0.0042056203999999995	-0.0647429469	0.0523375644	0.1014035365	0.0711594437	0.0695480159	0.0383021595	0.026950144	-0.0699629598	-0.0010821553	-0.029860868399999997	-0.0055658771	-0.1071214263	0.0077414128	0.0226951118	0.0348119691	0.0114198683	-0.007016538399999999	-0.05546398	0.0585600395	0.0668783451	0.0355035225	0.0186540196	-0.0238169589	-0.0786663967	0.059367553499999996	0.10136966	0.1424945674	0.037071993	0.051288598399999996	0.004910566	-0.054206303600000005	-0.07624583730000001	-0.0827608314	-0.037703961	-0.00034675160000000016	0.0822149361	-0.0192201536	0.0804523345	0.0693101588	-0.0088340503	0.0360754627	0.0403698643	0.075604838	-0.0386406371	0.0117237256	0.004690961	0.0691708053	-0.042288733499999995	-0.0333646531	-0.0356338994	0.0240654785	-0.1378180204	-0.0165276613	-0.0430170476	0.061732382	-0.015438743500000001	0.0023330385	-0.050392813499999994	0.0874210912	0.0396350003	0.0823490017	0.0410179875	0.00119839	-0.0279898433	-0.1106380058	0.021536501200000002	0.0460441708	0.0396922226	0.0330850817	-0.05339716059999999	-0.0336642458	0.07541405150000001	0.07494613559999999	0.049269510999999995	-0.0209514078	0.0206711355	0.047733917300000005	-0.0255047523	-0.0576471275	0.0112953384	0.0118806625	-0.0149222137	0.0200323731	-0.0936867088	-0.0447537395	0.0937127877	-0.0539371966	-0.1068167193	0.0691429789	-0.0629848667	-0.0489290848	0.1197015646	-0.1263594504	-0.0797167352	-0.0873671009	0.071572405	-0.047328225099999996	0.0174967091	0.014400381799999999	-0.0445974349	0.0695295355	-0.0862533231	0.0927944701	-0.123825	-0.025571399999999998	0.015332630625	0.0006538964979599997	-0.17938499999999996	-0.08254049999999996	0.006812934140249994	0.03217897822499999	-0.144862	-0.04219499999999998	0.0017804180249999984	0.020984999044	0.00244526	0.0016400949999999998	5.9792964676e-06	2.6899116090249997e-06	0.00091093	-1.3363000000000067e-05	1.7856976900000183e-10	8.297934649e-07	-0.00249249	-1.7070000000000103e-05	6.2125064001e-06	2.913849000000036e-10	0.0	0.0	0.0	0.0	0.0	0.0	0.0	0.0	0.0	0.0	0.0	0.0	0.0	0.0	0.0	0.0	0.0	0.0	0.0	0.0	0.0	0.0	0.0	0.0	0.0	0.0	0.0	0.0	0.0	0.0	0.0	0.0	0.0	0.0	0.0	0.0	0.0	0.0	0.0	0.0	0.0	0.0	0.0	0.0	0.0	0.0	0.0	0.0	0.0	0.0	0.0	0.0	0.0	0.0	0.0	0.0	0.0	0.0	0.0	0.0	0.0	0.0	0.0	0.0	0.0	0.0	0.0	0.0	0.0	0.0	0.0	0.0	0.0	0.0	0.0	0.0	0.0	0.0	0.0	0.0	0.0	0.0	0.0	0.0	0.0	0.0	0.0	0.0	0.0
338.783209430162	4.914289547899557	114774.062991801	24.150241760594827	239.537357966394	1.2442884017216045	57378.14586152039	1.548253626658905	232.47944832919998	1.7306959596477896	2.9953085047411827	54046.69389544916	0.962848	44.997845	0.1483066	-0.0479179583	0.0484335628	0.0171232552	-0.0350207469	-0.062648885	-0.0091162393	-0.0840133027	0.0179448517	-0.022732122900000002	-0.053411475199999996	-0.0066388755	0.047060068899999995	0.1114425868	0.0010141998	-0.006728696	-0.0675099443	0.0570193936	0.1041139819	0.0276930036	0.0192845674	0.0733400175	0.0131622798	-0.0756873498	0.034176927200000005	0.001487499	-0.0526599356	-0.0779422574	0.0599932186	0.0236188123	-0.0070977183	0.1132398885	0.0757686291	-0.032355189300000003	-0.028586186	-0.0291570692	0.1047785619	0.0948665431	0.021648689300000003	0.1127926886	-0.042286652	0.0551674864	0.0513525853	-0.0519215778	0.05572337769999999	-0.00212364	0.0132831693	-0.1144709979	0.08530553449999999	0.044980712400000004	-0.0289301277	0.0400886501	-0.0019635534	0.0165294398	0.0573343493	0.023080221600000003	0.07073031240000001	0.0228673523	-0.0327500805	-0.0653164328	0.0133004168	-0.0827202219	-0.057844818	0.022044532599999996	-0.09543017470000001	0.048226417599999995	0.0386529177	-0.06516042059999999	-0.028062167599999997	-0.007333747299999999	-0.0670725222	-0.0150643621	-0.0435393861	-0.0690076511	-0.08042576280000001	0.0473745379	0.0383386764	0.1241005479	-0.0452428738	0.0535810566	-0.061844349000000014	-0.0436476034	0.0089012689	0.0172135324	-0.0168404085	-0.0088100223	-0.0202036623	-0.158857472	-0.0178444473	0.0061247251	0.0134626096	0.0322983373	0.0528719872	-0.1239828492	0.0019214018	0.0752168971	-0.19047552239999999	0.0378345849	0.0046153934	-0.0017181916	0.052409427	-0.0530316581	0.0361342365	-0.034699300499999995	-0.0877846467	0.07314775700000001	-0.050533311500000004	0.0224076607	0.0081617885	-0.0378411062	0.063393441	-0.0820320339	0.0917241444	-0.0967587	0.0270663	0.009362246025690002	0.00073258459569	-0.14816	0.031224999999999975	0.0009750006249999984	0.021951385599999998	-0.0843931	0.060468899999999985	0.003656487867209999	0.00712219532761	0.00264004	0.00019478000000000033	6.969811201600002e-06	3.793924840000012e-08	0.000977608	6.667800000000003e-05	4.445955684000004e-09	9.557174016639999e-07	-0.00282196	-0.00032947000000000016	7.9634582416e-06	1.0855048090000007e-07	0.0	0.0	0.0	0.0	0.0	0.0	0.0	0.0	0.0	0.0	0.0	0.0	0.0	0.0	0.0	0.0	0.0	0.0	0.0	0.0	0.0	0.0	0.0	0.0	0.0	0.0	0.0	0.0	0.0	0.0	0.0	0.0	0.0	0.0	0.0	0.0	0.0	0.0	0.0	0.0	0.0	0.0	0.0	0.0	0.0	0.0	0.0	0.0	0.0	0.0	0.0	0.0	0.0	0.0	0.0	0.0	0.0	0.0	0.0	0.0	0.0	0.0	0.0	0.0	0.0	0.0	0.0	0.0	0.0	0.0	0.0	0.0	0.0	0.0	0.0	0.0	0.0	0.0	0.0	0.0	0.0	0.0	0.0	0.0	0.0	0.0	0.0	0.0	0.0
330.1345202278586	-8.648689202303387	108988.8014460784	74.7998249180392	237.9468680964133	-1.5904898699807006	56618.71203689191	2.529658026511226	229.8659237875669	-2.613524541633069	6.830510529718343	52838.342918711525	0.986814	46.117897	0.137829	-0.057634140599999995	-0.0133410586	-0.0732382113	-0.0142420819	-0.0256335486	-0.0814729459	0.0400552343	0.027916859	-0.0051445373	-0.0920393316	-0.0752904762	0.04676413980000002	0.054384187199999996	0.056300666900000004	-0.0181604672	-0.0446298696	-0.038051231	0.0210505956	-0.0363408971	-0.0179874987	0.0025772623	-0.0239461789	0.0446778119	-0.0029164525	0.0218171391	-0.046095035599999994	0.028609812400000007	0.055885864400000006	-0.0406772773	0.0736765115	0.07014002379999999	-0.010787623500000001	-0.0039696385999999995	0.0791129712	0.161573251	-0.015522751100000001	0.12003308509999999	-0.1060110829	0.0042322206	-0.113259925	0.0342950943	0.0347182393	0.09618708210000004	-0.1216139834	-0.0293678139	0.0171424989	-0.0160818951	0.0085263128	0.0412760887	0.0732715594	-0.0036261103	-0.061048508700000004	-0.0670776382	0.025995881000000002	0.070247056	-0.0216005615	-0.0259357596	-0.024013967799999997	-0.1115619194	-0.0498287525	-0.0625220767	-0.022979138599999997	-0.0567320514	-0.0337911849	-0.029026929700000002	0.007876066	-0.0609123873	0.0315759078	0.0165664949	-0.047796873899999995	0.0530942703	0.047943046600000004	0.006229263100000001	-0.0007666036	0.005679839200000001	0.0083053556	-0.0003914893	0.0504789904	-0.1351993244	-0.0436468074	-0.007757314	-0.0442127171	0.09963236369999999	-0.0269336573	-0.0319414867	0.039015252400000006	0.0045735125	0.0792132804	-0.0047872287	0.09173306	-0.057327075899999996	0.059480206699999996	-0.10473161480000001	-0.051423487999999996	-0.021807168999999998	-0.10272659460000001	-0.0491699334	-0.0872381581	0.1458665089	0.15454578230000002	0.0501502449	-0.0096404875	0.09030841210000001	-0.0881860959	0.07466946049999999	-0.053655013700000004	0.0272528867	0.0018857942000000002	-0.030835116099999997	0.0566881805	-0.07684899419999999	0.08929314220000001	-0.109412	-0.012653299999999992	0.011970985744	0.0001601060008899998	-0.21187	-0.06370999999999999	0.0040589641	0.04488889689999999	-0.0968742	-0.012481099999999995	0.00015577785720999988	0.009384610625639998	0.00307091	0.0004308699999999999	9.4304882281e-06	1.8564895689999987e-07	0.0012495999999999998	0.00027199199999999976	7.397964806399986e-08	1.5615001599999995e-06	-0.00309879	-0.00027683000000000004	9.6024994641e-06	7.663484890000002e-08	0.0	0.0	0.0	0.0	0.0	0.0	0.0	0.0	0.0	0.0	0.0	0.0	0.0	0.0	0.0	0.0	0.0	0.0	0.0	0.0	0.0	0.0	0.0	0.0	0.0	0.0	0.0	0.0	0.0	0.0	0.0	0.0	0.0	0.0	0.0	0.0	0.0	0.0	0.0	0.0	0.0	0.0	0.0	0.0	0.0	0.0	0.0	0.0	0.0	0.0	0.0	0.0	0.0	0.0	0.0	0.0	0.0	0.0	0.0	0.0	0.0	0.0	0.0	0.0	0.0	0.0	0.0	0.0	0.0	0.0	0.0	0.0	0.0	0.0	0.0	0.0	0.0	0.0	0.0	0.0	0.0	0.0	0.0	0.0	0.0	0.0	0.0	0.0	0.0
335.2934061788144	5.158885950955779	112421.66822699143	26.6141042549689	238.43047076073844	0.483602664325133	56849.089387187356	0.2338715369423673	230.27179464441107	0.40587085684416013	0.1647311524354128	53025.09940875782	1.123531	52.50724399999999	0.3642121999999999	0.0276407932	-0.015968415700000002	0.051360818499999995	-0.1233946098	0.0201559903	-0.0039603795	-0.07073152889999999	0.0329627973	0.0094105123	0.0282220404	-0.0817059071	0.0036514046000000002	0.09538218289999999	0.0837731698	-0.018623598300000002	-0.10003902519999999	0.17729450800000002	0.054220747300000004	-0.0698999031	-0.0082546804	0.0093718154	-0.0033632328999999997	0.028782605699999998	0.0036965415000000004	-0.0252709961	0.0476062069	-0.0104587769	0.0394575763	0.023218258500000002	-0.05935939320000001	0.0549893607	0.0223575394	0.0059486527	0.055011045999999994	0.0113393537	-0.0291379183	-0.0990901419	-0.077704135	0.07905538990000001	0.014775733899999999	0.0188896383	-0.0285758714	0.0138930674	0.0516249494	0.0264861629	0.14993423949999998	0.1189750753	0.0319209874	-0.04406215	-0.0894854567	-0.059077740199999985	-0.056473465599999995	-0.0033308172	-0.025463580099999997	0.0151762297	0.0629933334	0.0042102149	-0.025160504700000003	-0.022844408599999998	-0.0454329729	-0.0430744871	-0.0806877869	-0.0636062347	-0.1284415374	0.0958949741	-0.1441383346	-0.005328306600000001	-0.0168717727	-0.028488542599999996	0.015686000800000002	0.0137795946	-0.0057149479000000005	0.1250213619	0.0102915921	0.0271670135	-0.0445219863	0.047789863700000004	-0.0547901846	0.003756094	-0.027688426800000002	0.010341665	-0.13076292609999998	-0.000152183	0.0825252009	0.0244769191	0.0246350776	0.0924700058	-0.09354188960000001	-0.1127709016	0.0165615488	-0.027456282599999996	-0.04740890019999999	-0.10572226609999999	-0.012278243999999999	-0.053674935	0.0009713329	0.0180640001	0.0698019319	-0.0067638596	0.1765942173	0.047777741299999996	-0.0575708229	0.0762128538	-0.0885713748	0.07613639929999999	-0.0566881805	0.0320181754	-0.0043988416999999995	-0.023625687700000002	0.0494739559	-0.07076497030000001	0.08553752619999999	-0.0854882	0.0239238	0.007308232339239999	0.0005723482064399997	-0.0470879	0.16478210000000001	0.02715314048041	0.00221727032641	-0.254606	-0.1577318	0.02487932073124	0.064824215236	0.00318592	0.00011501000000000005	1.01500862464e-05	1.3227300100000006e-08	0.00121591	-3.368999999999985e-05	1.1350160999999895e-09	1.4784371281e-06	-0.00330558	-0.0002067899999999997	1.09268591364e-05	4.2762104099999865e-08	0.0	0.0	0.0	0.0	0.0	0.0	0.0	0.0	0.0	0.0	0.0	0.0	0.0	0.0	0.0	0.0	0.0	0.0	0.0	0.0	0.0	0.0	0.0	0.0	0.0	0.0	0.0	0.0	0.0	0.0	0.0	0.0	0.0	0.0	0.0	0.0	0.0	0.0	0.0	0.0	0.0	0.0	0.0	0.0	0.0	0.0	0.0	0.0	0.0	0.0	0.0	0.0	0.0	0.0	0.0	0.0	0.0	0.0	0.0	0.0	0.0	0.0	0.0	0.0	0.0	0.0	0.0	0.0	0.0	0.0	0.0	0.0	0.0	0.0	0.0	0.0	0.0	0.0	0.0	0.0	0.0	0.0	0.0	0.0	0.0	0.0	0.0	0.0	0.0
335.47769242889217	0.18428625007777555	112545.28211741438	0.03396142196772843	237.9571114995972	-0.4733592611412405	56623.58691323174	0.22406899010818115	229.33443638613892	-0.9373582582721838	0.878640504351062	52594.283712547985	1.050314	49.085514	0.14996715	0.0592808411	-0.0131845623	0.0275811184	-0.0269065071	0.0570012097	-0.0046018437	-0.011863954099999999	0.0662985336	-0.0749256777	0.0239976566	-0.0423229251	0.0626028801	0.092747152	-0.0243677489	-0.0161489676	0.060280995899999995	-0.0159828433	-0.0286722632	0.0095941593	-0.0292956356	-0.0029488678000000003	0.0353117742	-0.0442129809	-0.0351161583	0.0013404848000000001	0.0408868239	0.06841292389999999	0.0717116952	-0.11293769740000001	-0.0831154912	-0.0329388525	-0.059513014800000014	-0.1103315136	-0.0145582743	0.1098408798	-0.0168705416	0.12915010119999998	-0.0530992313	0.0141682546	-0.1112752989	-0.0313464328	0.1197175914	-0.011947566399999998	-0.0993026511	-0.0160504871	0.103870344	-0.0407031637	-0.04985244849999999	-0.006534035200000001	-0.053672906500000006	0.0190971646	0.0320815483	-0.0400678041	-0.0575634259	0.017938121499999998	0.0774678206	-0.0352768161	0.059867600599999994	-0.058716139	-0.0706268342	-0.05893436570000001	-0.0633194034	0.05932691320000001	0.0140344924	-0.020353558	-0.0097160744	-0.0102215238	-0.0065901964000000006	0.044391674400000004	0.0445804354	-0.0507218192	-0.023757818700000002	-0.0261257342	0.09708754019999999	0.0311293188	-0.0158074371	0.0376494477	-0.1044701397	-0.1771819582	-0.049241399299999995	0.0357258993	0.0758051	0.045631066399999996	-0.0066205757	-0.0171736942	-0.0487400785	0.1148445353	0.0477595933	-0.0782397346	0.1307760365	0.0046487469	0.055075295	0.032833649300000003	-0.0126124197	-0.0426732705	-0.0219123565	-0.0509620537	-0.0527678766	-0.1156837387	0.1489148938	-0.0069489376	0.0591421533	-0.013003443799999998	-0.0889404128	0.0775474976	-0.059627806900000004	0.0366895492	-0.0106633201	-0.016260386	0.0418155387	-0.0638512918	0.0805130088	-0.127477	-0.041988800000000014	0.016250385529000003	0.0017630593254400009	-0.037093400000000006	0.009994499999999995	9.989003024999991e-05	0.0013759203235600005	-0.28423400000000004	-0.029628000000000043	0.0008778183840000025	0.08078896675600003	0.00396722	0.0007812999999999995	1.57388345284e-05	6.104296899999993e-07	0.0006527530000000001	-0.0005631569999999999	3.1714580664899986e-07	4.2608647900900005e-07	-0.00332824	-2.26600000000003e-05	1.10771814976e-05	5.134756000000137e-10	0.0	0.0	0.0	0.0	0.0	0.0	0.0	0.0	0.0	0.0	0.0	0.0	0.0	0.0	0.0	0.0	0.0	0.0	0.0	0.0	0.0	0.0	0.0	0.0	0.0	0.0	0.0	0.0	0.0	0.0	0.0	0.0	0.0	0.0	0.0	0.0	0.0	0.0	0.0	0.0	0.0	0.0	0.0	0.0	0.0	0.0	0.0	0.0	0.0	0.0	0.0	0.0	0.0	0.0	0.0	0.0	0.0	0.0	0.0	0.0	0.0	0.0	0.0	0.0	0.0	0.0	0.0	0.0	0.0	0.0	0.0	0.0	0.0	0.0	0.0	0.0	0.0	0.0	0.0	0.0	0.0	0.0	0.0	0.0	0.0	0.0	0.0	0.0	0.0
334.8105172420462	-0.6671751868459523	112098.08245588653	0.4451227299429314	239.15357441524432	1.1964629156471176	57194.43215558781	1.4315235085188016	232.49270471439488	3.1582683282559856	9.974658833264858	54052.85774541482	1.387027	64.821487	0.50279809	-0.0244915369	0.1367327921	-0.0318218848	-0.030913552799999997	-0.0113403777	-0.1019529539	-0.0988035582	0.0105713875	-0.0022663888	0.0206587703	0.1017511749	0.0981292733	0.0900262523	0.0691677576	0.070349469	-0.0640133577	0.19284826160000001	0.1046910787	0.0290533238	0.028115579100000003	-0.061640603499999995	-0.05742125610000001	-0.0194190743	0.0371484838	-0.1237099423	0.07875045650000001	0.0016753799	-0.022682574100000002	-0.0629325616	0.08730281039999999	-0.002906091	-0.0402377896	-0.0766492622	-0.036707951	-0.1591807577	-0.050421621900000005	0.0890583619	0.0382574266	-0.0127833902	0.0920213954	-0.0134105683	-0.0743104711	0.0148297884	-0.0104345647	0.0014363431	-0.0088575478	0.060172474800000014	0.0896414538	-0.040389733399999996	0.043322897699999995	0.067171779	-0.0304999776	0.0056390339	0.0098815188	0.1170962468	0.0667948412	0.0331484179	0.0022776095	0.0626367361	0.06719498089999999	-0.1669773759	-0.11655704060000001	-0.0038106601	-0.0856301381	0.1339777398	-0.0647831697	-0.0820024463	-0.053232319800000004	-0.045658677	0.0914758629	0.0068958903000000005	0.037384884	-0.06779494	0.044347165	-0.06276435400000001	0.061502077599999996	-0.0497223229	-0.1098254921	0.0537646337	0.0663968341	-0.037033569100000004	0.0644421816	0.0636986202	-0.1014880041	-0.055465197300000005	-0.026646264500000003	0.036500042999999996	-0.0455868528	0.1168941458	-0.0498671466	0.0522330848	0.021066335099999996	-0.0236423381	-0.0012495141	0.1960553207	0.11090520710000001	0.0102699795	-0.0299911006	0.0503488299	-0.0623440516	0.050656250199999996	-0.0007118434	-0.0025435565	-0.08929314220000001	0.0789017205	-0.06246904230000001	0.0412533063	-0.0168789344	-0.0087878044	0.0337816886	-0.056189015300000006	0.0742941259	-0.0960492	0.031427800000000006	0.00922544882064	0.0009877066128400004	0.0332546	0.07034800000000001	0.004948841104000001	0.0011058684211600002	-0.11515	0.16908400000000004	0.02858939905600001	0.0132595225	0.0005044919999999999	-0.003462728	2.5451217806399994e-07	1.1990485201983995e-05	-4.92148e-05	-0.0007019678	4.927587922368399e-07	2.4220965390399994e-09	-0.00285417	0.0004740700000000001	8.146286388900001e-06	2.2474236490000005e-07	0.0	0.0	0.0	0.0	0.0	0.0	0.0	0.0	0.0	0.0	0.0	0.0	0.0	0.0	0.0	0.0	0.0	0.0	0.0	0.0	0.0	0.0	0.0	0.0	0.0	0.0	0.0	0.0	0.0	0.0	0.0	0.0	0.0	0.0	0.0	0.0	0.0	0.0	0.0	0.0	0.0	0.0	0.0	0.0	0.0	0.0	0.0	0.0	0.0	0.0	0.0	0.0	0.0	0.0	0.0	0.0	0.0	0.0	0.0	0.0	0.0	0.0	0.0	0.0	0.0	0.0	0.0	0.0	0.0	0.0	0.0	0.0	0.0	0.0	1.0	0.0	0.0	0.0	0.0	0.0	0.0	0.0	0.0	0.0	0.0	0.0	0.0	0.0	0.0
307.3944876642117	-27.416029577834536	94491.3710463432	751.638677812698	232.87210724364186	-6.281467171602457	54229.41833209424	39.456829827919385	223.0616042439703	-9.431100470424582	88.94565608324275	49756.479287893635	1.89156	88.40042099999998	0.08952151000000001	0.0184378252	-0.0265589689	-0.2391700211	0.0685285575	0.1561104823	-0.2625946341	0.2946476902	0.045403650999999996	0.0885680225	-0.1584987095	-0.1378653536	0.1288415681	-0.1577897803	-0.029017475299999998	-0.14572986470000002	0.1069669568	-0.011029680900000002	-0.0681160727	-0.0027212034000000003	0.2375380166	-0.0721323068	-0.0046381619	-0.0105756849	0.0020474621	-0.0397456019	-0.023191815600000002	-0.083068742	-0.0354061588	-0.023690842599999998	0.0006659186	-0.0501290344	0.0034223451000000003	-0.09532882289999996	-0.1183495084	0.0827305713	0.0108521678	-0.0150872452	0.0813615043	0.0486365206	-0.045442773	-0.0374888053	0.0330694479	-0.0144579329	-0.0608249208	-0.0017952611999999999	-0.112898742	-0.030496154900000006	-0.1345874863	-0.13687727449999998	0.35952856450000004	-0.1234340738	-0.185890897	-0.0355159093	-0.1345508657	0.2044229412	-0.24260200280000002	-0.15472625939999998	0.0192844177	-0.1923221865	-0.057005308399999996	-0.0275472343	0.30803819530000004	-0.07077957900000001	0.0997277962	-0.1023934283	0.017802905600000002	0.0769633709	-0.0398465575	-0.133730021	0.051323653399999995	-0.0870005915	0.07630228809999999	-0.1022113281	-0.0264382494	-0.0473025709	-0.010959453400000001	0.0806648482	-0.015379703400000003	-0.0735723452	-0.0515095871	0.01444453	0.1254449843	0.062029271	-0.008550615	0.0792329308	-0.07242267549999999	-0.0322233669	-0.0330800024	0.0646986235	-0.0546201683	-0.0194189096	0.04248766650000002	0.2011034525	-0.027499251800000003	-0.050841686	-0.0185308809	0.1114300353	-0.058698187199999995	0.0104916441	0.0419857562	0.005802681600000001	0.044025612699999994	-0.0075428996999999985	-0.0896294983	0.0801980746	-0.0652071985	0.0456960603	-0.0230172018	-0.0012572441	0.025444536	-0.0478679739	0.06697313120000001	-0.119139	-0.02308980000000001	0.014194101321000003	0.0005331388640400003	0.0311596	-0.002095000000000003	4.389025000000013e-06	0.00097092067216	-0.0752203	0.0399297	0.0015943809420899998	0.005658093532090001	0.000269851	-0.00023464099999999995	7.281956220099999e-08	5.505639888099997e-08	-0.000201904	-0.00015268920000000006	2.331399179664001e-08	4.0765225216e-08	-0.00275336	0.00010081000000000022	7.580991289599998e-06	1.0162656100000046e-08	0.0	0.0	0.0	0.0	0.0	0.0	0.0	0.0	0.0	0.0	0.0	0.0	0.0	0.0	0.0	0.0	0.0	0.0	0.0	0.0	0.0	0.0	0.0	0.0	0.0	0.0	0.0	0.0	0.0	0.0	0.0	0.0	0.0	0.0	0.0	0.0	0.0	0.0	0.0	0.0	0.0	0.0	0.0	0.0	0.0	0.0	0.0	0.0	0.0	0.0	0.0	0.0	0.0	0.0	0.0	0.0	0.0	0.0	0.0	0.0	0.0	0.0	0.0	0.0	0.0	0.0	0.0	0.0	0.0	0.0	0.0	0.0	0.0	0.0	0.0	1.0	0.0	0.0	0.0	0.0	0.0	0.0	0.0	0.0	0.0	0.0	0.0	0.0	0.0
339.1195098827804	31.72502221856871	115002.04198313717	1006.4770347686784	236.99405465093122	4.121947407289355	56166.181939888564	16.990450428459432	225.68217572230446	2.6205714783341705	6.867394873058539	50932.44443875312	2.651541	123.917442	4.27813225	-0.009412617	-0.1656483487	-0.0602553384	0.118065121	-0.0729344337	0.0891765541	0.3122133533	-0.20604569109999998	0.0132843049	0.3243968202	0.0699955279	-0.1728576905	0.3577977003	0.0479843224	-0.3274440592	0.0864257728	-0.2380058098	0.1520197662	0.0753937785	0.2440753272	-0.0179515351	-0.10038641179999999	0.096918558	0.35528705979999997	-0.0790805292	0.0406873955	0.10385195970000001	-0.008656350699999999	0.034325064100000004	0.009465819399999999	-0.0157256207	-0.046916882	0.0662071224	0.009413192800000001	-0.023303337400000002	-0.041209231299999996	0.0312112881	0.05725719360000001	-0.0720242988	0.0070792024	0.0047715672	-0.0082945008	-0.007594768199999998	-0.0290248131	-0.0099566201	-0.0664127041	0.0580858782	-0.1776779944	0.22182082620000002	-0.07326659440000001	-0.0715008491	0.0225271398	0.2931879553	0.0570777575	-0.1358501285	-0.3635254716	-0.07547510190000001	0.26391447219999997	0.1496772699	-0.05849396	-0.0002530146	-0.2105201898	-0.023664197999999997	-0.1670029322	-0.4215419769	0.11732814130000001	-0.28696311469999997	-0.21809821780000002	-0.1937013126	0.1338037708	0.17733497039999999	-0.1456845332	0.18998865690000002	-0.0400998564	-0.0062342715	-0.0069474765	-0.015930246000000002	0.08538029	0.0450192788	-0.0364499167	-0.0533395241	0.0552831501	-0.025366981	0.0266298991	-0.0227299891	-0.044524994000000005	0.035260053199999995	-0.0194960289	0.042979967800000005	0.001941634	0.0039210454999999995	0.012503869099999999	0.0728130529	-0.1082594323	-0.013806856499999999	0.0288625781	0.0144604656	-0.00977725	0.0016003177	0.0067462571999999995	0.027491255	0.0033229411	0.0037518649	-0.08994941960000001	0.0814356093	-0.06783775709999999	0.050004779900000004	-0.0290499939	0.0062816109	0.0168789344	-0.0389857244	0.0586586275	0.167932	0.287071	0.028201156624	0.08240975904100001	-0.665755	-0.6969145999999999	0.4856899596931599	0.443229720025	1.41752	1.4927403	2.2282736032440904	2.0093629504000003	-0.027136200000000003	-0.027406051000000004	0.0007363733504400003	0.0007510916314146012	-0.00183579	-0.001633886	2.6695834609959997e-06	3.3701249241e-06	0.00423483	0.00698819	1.79337851289e-05	4.88347994761e-05	0.0	0.0	0.0	0.0	0.0	0.0	0.0	0.0	0.0	0.0	0.0	0.0	0.0	0.0	0.0	0.0	0.0	0.0	0.0	0.0	0.0	0.0	0.0	0.0	0.0	0.0	0.0	0.0	0.0	0.0	0.0	0.0	0.0	0.0	0.0	0.0	0.0	0.0	0.0	0.0	0.0	0.0	0.0	0.0	0.0	0.0	0.0	0.0	0.0	0.0	0.0	0.0	0.0	0.0	0.0	0.0	0.0	0.0	0.0	0.0	0.0	0.0	0.0	0.0	0.0	0.0	0.0	0.0	0.0	0.0	0.0	0.0	0.0	0.0	0.0	0.0	1.0	0.0	0.0	0.0	0.0	0.0	0.0	0.0	0.0	0.0	0.0	0.0	0.0
328.23219436252066	-10.887315520259733	107736.37341603555	118.53363923768845	238.9129527456365	1.9188980947052696	57079.39898963874	3.6821698978635142	230.8493743209717	5.167198598667227	26.699941358068557	53291.4336243841	2.3258080000000003	108.694611	0.4780945000000001	-0.0728731532	-0.0341091368	-0.0920386331	0.3295554082	-0.0818531772	0.09310517480000001	0.24081712309999997	-0.2206390035	0.048776836500000004	0.1012758052	0.1962607235	0.0095648549	-0.0151666683	0.16114891539999998	0.3283119064	-0.2386009747	0.076504808	0.0245478825	0.10282896849999999	-0.2122156876	-0.0235247562	0.068668517	-0.1395189717	0.029611599500000002	-0.0809125466	-0.10056704	-0.054259634	-0.15667723460000002	0.107543747	0.041683193	-0.0391907315	-0.0161362467	-0.0890292548	-0.0308428265	0.0242860925	-0.0668257764	0.0207419924	0.0328319137	0.0274836343	0.0261890134	-0.045381987699999994	0.0167749052	0.1159549614	-0.0736258127	0.0120092851	0.0543670343	0.010369679	-0.0442330788	0.0744958805	0.1935117607	-0.0298265118	0.09866961310000001	0.23308412879999998	0.1051018774	-0.1420311601	-0.2615543342	0.048328192199999995	0.1400123797	0.1431460232	0.1057828225	-0.041503046	-0.20277365309999998	-0.1785782673	-0.0520352147	0.3023491448	0.06964394089999999	0.0730618139	0.0976161193	0.19925536230000002	-0.0932045092	-0.0300960186	-0.0309364992	-0.0753335307	-0.0962598925	-0.1570886078	0.060442896399999994	-0.0456391696	-0.0127503335	-0.0287226169	0.042386505	0.0310382492	0.0680344785	0.0554598501	-0.0168872141	0.09217604800000001	-0.0885877719	-0.0444501603	-0.0718272155	-0.0008325892999999999	-0.0611770637	-0.0890953149	-0.042186315700000004	0.0422579559	0.063286301	0.015135129099999999	-0.0040633684000000005	-0.0247804788	0.024037867999999997	-0.047295643	-0.0313595412	0.0143075178	0.043381247000000005	-0.0963870624	-0.0902528472	0.08261341679999999	-0.0703563777	0.0541668268	-0.034949665899999996	0.0137790222	0.0081617885	-0.0296464028	0.0494739559	0.115317	-0.052615	0.013298010489	0.0027683382249999995	-0.572693	0.09306199999999998	0.008660535843999995	0.32797727224900003	1.52505	0.1075299999999999	0.01156270089999998	2.3257775025000003	-0.026232	0.0009042000000000043	0.0006881178239999999	8.175776400000076e-07	-0.00282596	-0.0009901700000000003	9.804366289000003e-07	7.9860499216e-06	0.00163145	-0.00260338	2.6616291025e-06	6.777587424400001e-06	0.0	0.0	0.0	0.0	0.0	0.0	0.0	0.0	0.0	0.0	0.0	0.0	0.0	0.0	0.0	0.0	0.0	0.0	0.0	0.0	0.0	0.0	0.0	0.0	0.0	0.0	0.0	0.0	0.0	0.0	0.0	0.0	0.0	0.0	0.0	0.0	0.0	0.0	0.0	0.0	0.0	0.0	0.0	0.0	0.0	0.0	0.0	0.0	0.0	0.0	0.0	0.0	0.0	0.0	0.0	0.0	0.0	0.0	0.0	0.0	0.0	0.0	0.0	0.0	0.0	0.0	0.0	0.0	0.0	0.0	0.0	0.0	0.0	0.0	0.0	0.0	0.0	1.0	0.0	0.0	0.0	0.0	0.0	0.0	0.0	0.0	0.0	0.0	0.0
333.7615972907433	5.5294029282226225	111396.8038260683	30.574296742636925	237.1327239842436	-1.7802287613928909	56231.92878418746	3.169214442890467	227.46985799031432	-3.3795163306573954	11.421130629180025	51742.53629413375	2.367357	110.636398	4.512093999999999	-0.0290543794	0.0047794408000000005	0.1978988988	-0.0662747056	0.0177214241	0.1493381923	-0.048068237300000004	-0.0822115009	0.4528196353	-0.0006864789999999999	-0.24755479379999998	0.0419355706	-0.063641228	0.0783760344	-0.0195095785	0.2692982814	-0.1509706844	0.059608079	0.1489473171	-0.1430678709	0.07203013280000001	0.011470666000000001	-0.027250866699999998	-0.0915826335	0.0852524939	-0.046084734800000006	0.0291193181	-0.0970020236	-0.09219182990000001	-0.08828557529999999	0.0129141884	0.0388428023	-0.08412349960000001	0.115712773	-0.0032592484000000003	-0.1164335908	-0.0288901744	0.022367590099999998	-0.0106775698	0.0364121386	-0.025259388900000002	-0.041956998499999995	-0.17031230809999998	0.0400092325	0.007724506	0.0069241645	-0.0737183022	0.16776821449999998	-0.16359052710000002	-0.1079907516	-0.2292049592000001	-0.0676820833	0.17703825410000001	-0.0114706257	-0.18470906059999997	-0.1881187484	0.0269383736	-0.3985419224	0.1013355196	-0.355471648	-0.0093784923	0.0903795628	-0.0387557346	0.14604301990000002	-0.0502917542	0.0842756572	-0.0291231685	-0.1161771019	0.13003294710000002	0.0238608255	-0.0523717609	-0.015210278	-0.0574798169	0.0793359568	-0.07263311089999999	-0.1531844761	0.0070025193	-0.0096636422	0.022804579900000004	0.1440469673	0.0043084484000000004	-0.059086027199999995	-0.046315100199999994	-0.0481745267	-0.055638734100000004	0.06915223849999999	0.0707787781	0.1127641082	0.09677871390000001	-0.0110389382	0.11462888339999999	0.021625354399999998	-0.00208545	-0.0199968027	0.0177380679	-0.1052094312	-0.018041711499999998	0.08354750400000001	0.0312733347	0.078079207	-0.0355796607	0.1387131261	-0.1120772945	-0.0905397255	0.0837306334	-0.07275890410000001	0.0581699931	-0.0406891827	0.0211855248	-0.0006286365	-0.0199595043	0.0395553658	-0.280062	-0.395379	0.07843472384399999	0.15632455364099998	-0.457851	0.11484200000000001	0.013188684964	0.20962753820099997	-0.258364	-1.7834139999999998	3.1805654953960003	0.06675195649599999	0.00544143	0.031673429999999995	2.96091604449e-05	0.0010032061679648998	0.00104627	0.00387223	1.49941651729e-05	1.0946809129e-06	-0.00719207	-0.00882352	5.17258708849e-05	7.785450519039999e-05	0.0	0.0	0.0	0.0	0.0	0.0	0.0	0.0	0.0	0.0	0.0	0.0	0.0	0.0	0.0	0.0	0.0	0.0	0.0	0.0	0.0	0.0	0.0	0.0	0.0	0.0	0.0	0.0	0.0	0.0	0.0	0.0	0.0	0.0	0.0	0.0	0.0	0.0	0.0	0.0	0.0	0.0	0.0	0.0	0.0	0.0	0.0	0.0	0.0	0.0	0.0	0.0	0.0	0.0	0.0	0.0	0.0	0.0	0.0	0.0	0.0	0.0	0.0	0.0	0.0	0.0	0.0	0.0	0.0	0.0	0.0	0.0	0.0	0.0	0.0	0.0	0.0	0.0	1.0	0.0	0.0	0.0	0.0	0.0	0.0	0.0	0.0	0.0	0.0
342.28308005493983	8.521482764196547	117157.70689189635	72.61566850049884	241.84528911061759	4.712565126373988	58489.143864998216	22.208270070316285	233.90867160270568	6.438813612391385	41.4583207351166	54713.26665094241	1.899005	88.748329	0.5463109500000001	0.0967921156	0.0146952041	0.0617331391	0.0069091353	-0.0360007212	0.1373313499	-0.1791349933	-0.13993460189999998	-0.0886710384	-0.0306771284	0.0547930231	-0.1286290712	-0.11111234240000001	-0.0335964358	0.1620607155	0.0419289579	0.0122462048	0.061930574	0.0470678453	0.20148876670000002	-0.06370557660000001	-0.15680712289999998	-0.100980179	-0.0206741565	0.0325207796	0.0982447883	-0.14122340630000002	-0.12424426849999999	0.0331162511	0.0028952725	0.044752764199999996	-0.0331922629	0.062558685	-0.11087289310000001	-0.0396206179	0.08818946859999999	0.0148454768	-0.0454938479	-0.0825740375	0.11192979300000001	-0.0376838703	-0.08135280980000001	0.0085997042	-0.0091558224	-0.0133316808	0.0787331652	-0.0334118126	-0.0112768293	-0.0332929066	-0.14110449	0.0678026075	0.055667124000000005	0.0927487576	0.0460425136	-0.1034256093	0.11294497070000001	0.2287440895	-0.0249640787	0.0618029603	0.1519068507	0.1688420245	-0.0694473486	-0.0044412801	0.1096686066	-0.012805869099999999	0.0304045992	-0.0390832081	-0.068792541	-0.035227652000000005	0.0662761561	0.0357311627	-0.011442936499999999	-0.22412991370000002	0.0482040871	0.009062245	0.0036200871999999998	0.069366309	0.0646166703	0.08880562060000001	-0.044594675	0.0769231391	0.0060672083	0.030134329900000006	-0.1224731149	0.1384298081	0.0331620783	-0.0228375217	-0.020541870900000002	-0.0772496191	-0.0261940594	-0.0463240378	-0.055012204	0.11060802730000001	0.0342605859	0.0121738255	0.024589478300000002	-0.0641979029	-0.0788268556	-0.0046445914	-0.0742299609	-0.0470455586	-0.126898133	0.0379282556	-0.09081000199999999	0.08478643960000001	-0.0750413721	0.062002536799999994	-0.0462422434	0.0284522534	-0.0094134174	-0.0100385988	0.0290499939	-0.235074	0.044988	0.05525978547599999	0.0020239201439999997	-0.114332	0.343519	0.118005303361	0.013071806223999996	-0.334467	-0.07610300000000003	0.005791666609000005	0.11186817408900003	0.00625251	0.0008110800000000005	3.90938813001e-05	6.578507664000007e-07	0.000956391	-8.987899999999996e-05	8.078234640999994e-09	9.146837448809999e-07	-0.00645901	0.0007330599999999997	4.171881018010001e-05	5.373769635999997e-07	0.0	0.0	0.0	0.0	0.0	0.0	0.0	0.0	0.0	0.0	0.0	0.0	0.0	0.0	0.0	0.0	0.0	0.0	0.0	0.0	0.0	0.0	0.0	0.0	0.0	0.0	0.0	0.0	0.0	0.0	0.0	0.0	0.0	0.0	0.0	0.0	0.0	0.0	0.0	0.0	0.0	0.0	0.0	0.0	0.0	0.0	0.0	0.0	0.0	0.0	0.0	0.0	0.0	0.0	0.0	0.0	0.0	0.0	0.0	0.0	0.0	0.0	0.0	0.0	0.0	0.0	0.0	0.0	0.0	0.0	0.0	0.0	0.0	0.0	0.0	0.0	0.0	0.0	0.0	1.0	0.0	0.0	0.0	0.0	0.0	0.0	0.0	0.0	0.0
334.737693437982	-7.545386616957844	112049.3234081804	56.932859199366504	238.97776537249948	-2.867523738118109	57110.37234243341	8.222692388670854	227.6762311323064	-6.2324404703992675	38.843314217070656	51836.466222611416	1.3938640000000002	65.141037	0.75972225	0.0654939634	0.05934628650000001	-0.0460797032	-0.0265159339	0.0533163651	-0.0200282629	-0.0792867698	-0.09584302900000001	0.0060779403	0.0002407811	0.0597585419	-0.1444578073	-0.232714251	0.0087420727	-0.051385346799999995	-0.0504562841	-0.08627983	-0.07929788269999999	0.022795542000000002	0.053841611399999996	-0.0747365846	-0.0503635692	0.0355919352	-0.0190108771	-0.0054738437	-0.0187218224	-0.033116808399999996	0.10303887519999999	-0.1129261875	0.0037387121999999996	0.0967193048	-0.0606362546	0.10474540630000001	0.0026935047999999996	-0.027044123599999997	-0.0780075348	-0.0382840666	-0.0505048683	-0.08988398339999999	0.091952835	0.105179731	-0.0499716956	-0.10079721039999999	-0.0383099167	-0.040445281	0.0985200375	0.021617803199999997	-0.022154055699999998	-0.0429067747	-0.012076286299999999	0.0985023658	-0.02798337	-0.0605737185	-0.044143290099999996	0.025565075099999997	-0.0028414752	0.1310797909	-0.0653230067	0.1371179197	0.1127843649	0.1803058868	0.11373703710000001	-0.0483811611	-0.012814731299999998	-0.0879813413	0.0388065944	0.1118410771	0.0657896426	-0.0363412452	0.0486752781	-0.0003571739	0.0645886732	-0.0044393454	-0.022970941800000002	0.036338171	-0.0090728038	0.011029066200000001	-0.0139775944	0.010135744200000001	0.0810189802	-0.0717246726	-0.0912861759	-0.0219568725	-0.0340645598	0.0686749794	0.012626064499999999	0.114942534	5.0252799999999994e-05	-0.1091911431	0.0257965086	0.09335333119999999	0.0504816587	0.041326242	0.06415722160000001	0.08804434929999999	-0.0521472988	-0.0362465761	0.0174883085	0.0404435634	0.0094379287	-0.005587485	-0.0594252001	0.1351089452	-0.09106362720000001	0.0857800611	-0.0772000154	0.06565321639999999	-0.051583401200000004	0.0355312647	-0.0181136817	0.0	0.0181136817	-0.0387207	0.1963533	0.0014992926084899994	0.03855461842089	0.176309	0.290641	0.08447219088099997	0.031084863481	-0.372945	-0.038477999999999964	0.0014805564839999964	0.13908797302499998	0.00574271	-0.0005098000000000004	3.2978718144099995e-05	2.5989604000000034e-07	0.00186962	0.000913229	8.33987206441e-07	3.4954789444e-06	-0.00319704	0.0032619700000000003	1.02210647616e-05	1.0640448280900003e-05	0.0	0.0	0.0	0.0	0.0	0.0	0.0	0.0	0.0	0.0	0.0	0.0	0.0	0.0	0.0	0.0	0.0	0.0	0.0	0.0	0.0	0.0	0.0	0.0	0.0	0.0	0.0	0.0	0.0	0.0	0.0	0.0	0.0	0.0	0.0	0.0	0.0	0.0	0.0	0.0	0.0	0.0	0.0	0.0	0.0	0.0	0.0	0.0	0.0	0.0	0.0	0.0	0.0	0.0	0.0	0.0	0.0	0.0	0.0	0.0	0.0	0.0	0.0	0.0	0.0	0.0	0.0	0.0	0.0	0.0	0.0	0.0	0.0	0.0	0.0	0.0	0.0	0.0	0.0	0.0	1.0	0.0	0.0	0.0	0.0	0.0	0.0	0.0	0.0
334.7563855082758	0.018692070293809596	112061.83763856537	0.000349393491868719	237.91213686469683	-1.0656285078026428	56602.18486752624	1.1355641166416872	227.51002298862858	-0.1662081436778351	0.027625147024831875	51760.81056028631	1.293301	60.441311	0.8878185	0.1519110126	-0.0077363688	0.021235436099999998	-0.0011133875	0.12500978699999998	0.043380943600000006	-0.0255973845	-0.066753801	-0.033235327200000005	0.10441983310000001	0.08260413280000001	-0.1592316345	-0.11040010869999999	-0.0557570458	0.0265983812	0.0021336818	0.0715315779	-0.0348717599	-0.16432267650000001	0.0526977634	0.0038101884999999997	0.09517866380000001	0.045663988899999994	-0.0202598175	-0.00020529590000000001	0.0003085572	-0.0369377307	0.1608114015	-0.0358856871	-0.09560243480000001	0.09368952470000001	0.13976249400000001	0.06292377889999999	0.1030395018	-0.0905406507	0.013034238799999999	-0.0909126269	-0.021727219	-0.0024476641	-0.1433843567	-0.0560197785	0.13595853900000002	0.10531857800000001	0.031214294500000007	0.0015640723999999998	0.00023315669999999998	0.052507881299999996	-0.0850484974	-0.0747007355	-0.1035474809	0.0291354263	0.0219656075	-0.0174315282	-0.1332484966	-0.0309214831	-0.0058034648	0.0619087875	0.045562020300000006	0.1436530997	0.09443751939999999	0.1636567994	0.0354275861	0.047093280300000005	0.031082717599999997	0.06549647900000001	-0.1105271635	0.0307052029	0.09391518060000001	-0.0864184618	-0.050712184199999996	-0.08805180619999999	-0.0070729626	0.1575942376	-0.0125002398	0.0506007911	0.0285352511	0.1602690312	-0.0410445783	0.0670434275	-0.0091669513	-0.0348793499	-0.0517486514	0.0898133726	0.0912589864	-0.1060956514	0.0405284984	0.031064965899999998	-0.0148142195	-0.0330581032	0.0357368494	-0.053814435199999996	0.0814571991	-0.038843381499999996	-0.071550512	0.010193543499999999	0.044808253099999994	0.0063441688	-0.0614646527	-0.0176656966	0.045185868399999995	0.022973378500000002	0.0668854456	0.021820395099999997	-0.0913005544	0.0867107692	-0.0792312721	0.0691113238	-0.0566881805	0.0423758542	-0.026651315699999997	0.0100385988	0.006908663000000001	-0.08877169999999998	-0.050050999999999984	0.00788041472089	0.0025051026009999984	0.260263	0.08395400000000003	0.007048274116000005	0.06773682916899999	-0.653144	-0.280199	0.07851147960099998	0.426597084736	0.0125195	0.00677679	0.00015673788024999998	4.59248827041e-05	0.00351993	0.00165031	2.7235230961000005e-06	1.23899072049e-05	-0.00424223	-0.0010451899999999997	1.7996515372899998e-05	1.0924221360999994e-06	0.0	0.0	0.0	0.0	0.0	0.0	0.0	0.0	0.0	0.0	0.0	0.0	0.0	0.0	0.0	0.0	0.0	0.0	0.0	0.0	0.0	0.0	0.0	0.0	0.0	0.0	0.0	0.0	0.0	0.0	0.0	0.0	0.0	0.0	0.0	0.0	0.0	0.0	0.0	0.0	0.0	0.0	0.0	0.0	0.0	0.0	0.0	0.0	0.0	0.0	0.0	0.0	0.0	0.0	0.0	0.0	0.0	0.0	0.0	0.0	0.0	0.0	0.0	0.0	0.0	0.0	0.0	0.0	0.0	0.0	0.0	0.0	0.0	0.0	0.0	0.0	0.0	0.0	0.0	0.0	0.0	1.0	0.0	0.0	0.0	0.0	0.0	0.0	0.0
335.1211317792775	0.36474627100170665	112306.17296502387	0.13303984220965046	237.23557089797632	-0.6765659667205172	56280.716099288744	0.4577415073244678	226.61296880854889	-0.8970541800796923	0.8047062019984491	51353.43763222435	1.212132	56.647923	0.9698393	0.056785244400000004	0.041418506800000005	-0.0087866329	-0.0813114411	0.0955676663	-0.0486729385	-0.0435748109	-0.0030818747	0.0444528435	0.0102565105	0.0028405693	-0.1536380986	-0.011461948400000001	-0.1039942667	-0.0427555164	0.030930793999999998	-0.0849801935	-0.0288333248	-0.049349553399999996	-0.1025649973	-0.038953358	0.059683845599999986	-0.015043258799999999	-0.0314134395	0.0021493587	-0.07812082320000001	-0.0161654689	0.023828812400000003	0.054066412599999995	0.078641023	0.0414687464	-0.0089986184	-0.0892841653	-0.1472914665	0.069934108	-0.0783836655	-0.0083967864	0.06570425	0.1088662863	-0.0485992983	0.017746549599999998	0.1506324861	0.0010626529	0.021878926200000003	-0.035716652200000004	-0.0567250246	-0.0652797943	0.0084537875	-0.048600576799999996	-0.04390822	0.06501106200000001	-0.0652203763	-0.12666916109999998	-0.106616678	0.0409171018	-0.0348043122	0.0065993530000000005	-0.07518782809999999	0.0263434023	0.0018830665	0.1417506636	0.0326337794	0.08751094	-0.0078493862	-0.0639652366	0.0062329297	0.0081906738	0.0946112661	0.0668556483	-0.0039065711	-0.0544593584	0.0367136467	-0.0178472949	-0.07236745509999999	0.0070446761	-0.0209945996	-9.232959999999999e-05	-0.082194135	-0.1554238856	-0.053405838399999996	-0.0446657758	0.0377256985	-0.02452449	-0.012406883	-0.0994632242	-0.1188730572	-0.09648771519999999	0.011283989599999999	0.0483372294	-0.0500488128	-0.024653195	0.0239620032	0.0341448125	0.0365546982	-0.0752441825	0.0523636612	0.0832618163	-0.009481565400000001	0.0791535063	0.029099098700000006	-0.040694361400000004	0.0180368033	0.0399960165	-0.09152074019999999	0.08757788119999999	-0.0811317903	0.0723667158	-0.061533189	0.0489408639	-0.034949665899999996	0.0199595043	-0.0043988416999999995	-0.14219500000000002	-0.053423300000000035	0.020219418025	0.002854048982890004	0.130193	-0.13007000000000002	0.016918204900000004	0.016950217249	-0.291196	0.361948	0.13100635470399996	0.084795110416	0.00606863	-0.006450869999999999	3.68282700769e-05	4.161372375689999e-05	0.0021585000000000003	-0.0013614299999999998	1.8534916448999997e-06	4.659122250000002e-06	-0.00356657	0.0006756599999999997	1.2720421564899996e-05	4.565164355999998e-07	0.0	0.0	0.0	0.0	0.0	0.0	0.0	0.0	0.0	0.0	0.0	0.0	0.0	0.0	0.0	0.0	0.0	0.0	0.0	0.0	0.0	0.0	0.0	0.0	0.0	0.0	0.0	0.0	0.0	0.0	0.0	0.0	0.0	0.0	0.0	0.0	0.0	0.0	0.0	0.0	0.0	0.0	0.0	0.0	0.0	0.0	0.0	0.0	0.0	0.0	0.0	0.0	0.0	0.0	0.0	0.0	0.0	0.0	0.0	0.0	0.0	0.0	0.0	0.0	0.0	0.0	0.0	0.0	0.0	0.0	0.0	0.0	0.0	0.0	0.0	0.0	0.0	0.0	0.0	0.0	0.0	0.0	1.0	0.0	0.0	0.0	0.0	0.0	0.0
335.31830803085	0.1971762515725004	112438.367700672	0.03887847418418197	238.76349933046933	1.5279284324930131	57008.00861253103	2.3345652948205564	229.34752360205925	2.7345547935103696	7.47778991871054	52600.28658239713	0.993745	46.441818	0.141948	0.0678115647	-0.0003685523	0.014810240300000001	-0.0684483033	0.0522353584	-0.0007412044999999999	-0.06870183980000001	0.0253021969	-0.0456983237	0.0887091053	0.0169152449	-0.0788235444	0.0005331303	-0.047015531299999996	0.0778238296	0.047971465199999994	-0.0244875902	-0.1281589083	-0.0563133054	-0.0381052576	-0.0047269655	0.009474911899999999	0.0077146089	0.035563387	-0.0222453679	-0.1126884959	0.022136212599999996	-0.100691112	0.1095908317	-0.0256042854	-0.0062635493999999995	-0.02348577	0.0618168931	-0.0169459238	0.011568216499999999	0.0589701954	0.039591519	0.040440964700000005	-0.094418351	-0.0114912574	-0.0591546051	-0.0417071034	-0.0224884066	-0.024326961	0.0114273274	0.0740209004	-0.026016480699999997	-0.028289151600000007	-0.0454324388	-0.0764970617	0.028552735699999998	-0.030876607	-0.1019108502	-0.055836438200000005	0.010415738	0.0690962434	0.0046471492	0.0365035934	0.0620465163	0.0073956981000000005	0.08456950070000001	-0.0944762068	0.0648642492	0.0749210728	-0.0633922529	-0.0719974972	0.0789200088	0.0537882652	0.0507224646	-0.0636142904	0.0587645572	-0.024477865699999997	0.020741336699999998	-0.0659556904	-0.0398072398	-0.08948919970000001	-0.07329845230000001	0.10210244019999999	0.0371660512	-0.0298412627	0.0591920541	0.1065326565	-0.0179127936	-0.0412694348	0.0152088123	0.022621081600000002	0.0258495719	-0.0432555595	-0.0388117297	-0.0293046652	-0.012047404	0.0151353572	-0.0398903725	-0.0164778053	0.128301078	-0.0625337976	0.0113501155	0.0487875788	0.0906692482	-0.0383483243	-0.0153262334	0.055811897400000005	0.0853003552	-0.0917241444	0.0883807611	-0.0828984341	0.0754098437	-0.0660962247	0.0551829804	-0.042934227199999994	0.0296464028	-0.0156410921	-0.14612	-0.003924999999999984	0.0213510544	1.5405624999999873e-05	0.115749	-0.014444	0.000208629136	0.013397831001	-0.313817	-0.022621	0.0005117096410000001	0.09848110948899999	0.00472669	-0.0013419399999999998	2.2341598356100008e-05	1.8008029635999992e-06	0.0015473	-0.0006112000000000003	3.735654400000004e-07	2.39413729e-06	-0.00350055	6.601999999999998e-05	1.22538503025e-05	4.3586403999999966e-09	0.0	0.0	0.0	0.0	0.0	0.0	0.0	0.0	0.0	0.0	0.0	0.0	0.0	0.0	0.0	0.0	0.0	0.0	0.0	0.0	0.0	0.0	0.0	0.0	0.0	0.0	0.0	0.0	0.0	0.0	0.0	0.0	0.0	0.0	0.0	0.0	0.0	0.0	0.0	0.0	0.0	0.0	0.0	0.0	0.0	0.0	0.0	0.0	0.0	0.0	0.0	0.0	0.0	0.0	0.0	0.0	0.0	0.0	0.0	0.0	0.0	0.0	0.0	0.0	0.0	0.0	0.0	0.0	0.0	0.0	0.0	0.0	0.0	0.0	0.0	0.0	0.0	0.0	0.0	0.0	0.0	0.0	0.0	0.0	0.0	0.0	0.0	0.0	0.0
334.6281127440112	-0.6901952868387866	111975.97383861867	0.476369533974475	239.16865443490272	0.4051551044333905	57201.64526420192	0.1641506586484316	229.906746406362	0.5592228043027491	0.31273014485223066	52857.11204315925	1.334296	62.357159	0.97442317	-0.0141687375	0.009793948	0.13821947539999999	-0.0235529996	-0.0181112624	0.083331515	-0.048108602199999996	0.0657683477	0.0544624503	0.0006011731999999999	-0.028346406600000002	0.1033455764	-0.0076621229	-0.0549556372	-0.07962063230000001	0.008995738199999999	-0.1547610226	-0.1065688508	-0.0020354970000000003	-0.096451576	-0.061753391799999995	0.0070337916	-0.0917778517	0.024927899700000002	-0.0802372725	0.04346966	0.0019050831	-0.1584185886	-0.0098588424	0.06160747110000001	0.0718014231	0.11203802300000001	0.0325469807	0.0403002675	0.0449711456	0.1124251759	0.031187349500000006	0.0282935385	-0.0310588888	0.0779783186	0.004230123499999999	0.1654869135	0.0466272671	0.0614586982	-0.0763936595	-0.0707668795	0.0650961596	0.052174510199999996	-0.047722455700000006	-0.0355686398	-0.0405410084	0.0776852435	-0.0380474982	0.022505456	-0.0815926885	0.059544740199999995	-0.0279135595	-0.0434358637	0.00691915	-0.0940664202	-0.0655441656	0.0690148458	0.0501274471	0.012717828899999999	-0.1416757613	0.0622780535	0.0034143103000000004	0.143001099	0.0632940387	-0.036775751	-0.015600450600000001	-0.0598822324	-0.07972748219999999	0.0221306371	-0.14135975550000002	-0.021331335099999998	0.0568729107	0.0425687346	-0.0243428616	-0.014051343400000001	-0.1502070307	0.0739571396	-0.0633481411	0.0984841156	0.0221985347	0.08151464530000001	-0.0728151862	-0.0531555991	0.0182238576	0.0343206957	0.0318178446	0.0760791863	0.028228824700000002	0.056188435700000004	0.025801040600000002	0.1164430583	-0.023350927999999996	-0.1464363824	-0.055693916600000004	-0.0719482329	0.0083887628	-0.0682593328	-0.08641131560000001	-0.0919107295	0.08911882019999999	-0.0845282884	0.07823178160000001	-0.0703563777	0.0610610204	-0.050533311500000004	0.0389857244	-0.026651315699999997	-0.0632385	0.08288150000000001	0.0039991078822500005	0.00686934304225	-0.175243	-0.29099200000000003	0.08467634406400001	0.030710109049000005	-0.07709769999999999	0.2367193	0.05603602699249001	0.005944055345289999	6.003560000000001e-05	-0.0046666544	3.6042732673600004e-09	2.1777663289039363e-05	0.000388097	-0.001159203	1.343751595209e-06	1.5061928140899994e-07	-0.0020498	0.0014507499999999998	4.20168004e-06	2.1046755624999998e-06	0.0	0.0	0.0	0.0	0.0	0.0	0.0	0.0	0.0	0.0	0.0	0.0	0.0	0.0	0.0	0.0	0.0	0.0	0.0	0.0	0.0	0.0	0.0	0.0	0.0	0.0	0.0	0.0	0.0	0.0	0.0	0.0	0.0	0.0	0.0	0.0	0.0	0.0	0.0	0.0	0.0	0.0	0.0	0.0	0.0	0.0	0.0	0.0	0.0	0.0	0.0	0.0	0.0	0.0	0.0	0.0	0.0	0.0	0.0	0.0	0.0	0.0	0.0	0.0	0.0	0.0	0.0	0.0	0.0	0.0	0.0	0.0	0.0	0.0	0.0	0.0	0.0	0.0	0.0	0.0	0.0	0.0	0.0	1.0	0.0	0.0	0.0	0.0	0.0
341.3256759779948	6.697563233983601	116503.21708183512	44.857353273208865	241.07586403979462	1.907209604891904	58117.572222533534	3.6374484769919313	233.6885308901017	3.7817844837396986	14.301893881454342	54610.329469574026	1.236128	57.76939	0.16441378	-0.0562264208	0.11902642179999999	-0.019417267	0.025116700699999998	-0.1000474546	-0.0281196808	-0.1063258613	-0.0566036525	-0.0688152758	-0.0671707844	0.0946157193	0.0853355551	-0.0186316381	0.0234443899	0.033739194900000005	-0.0628842902	-0.054659506600000005	-0.051823563600000004	-0.0082175961	0.0450881759	-0.0421561633	-0.048728363399999995	-0.0233923446	0.0413039319	0.0794518379	0.0290020879	-0.015650554599999998	-0.017375127	0.024123576299999998	0.0608556446	-0.0612191109	0.0704779884	0.0163193956	-0.0136794513	-0.1071265851	-0.0730122288	-0.022959003399999997	-0.022675920800000002	-0.0458233004	0.047239704400000006	0.0003749553	0.060045562300000015	-0.1407501997	-0.0121405448	0.0662677855	-0.0272906513	-0.0246460366	0.0847751399	0.0553839307	0.0166595259	0.1433715084	0.0340990937	0.033578512000000005	0.1005007278	0.0423237795	0.0759284678	0.1127574591	0.0044481069	0.001225037	0.0887507516	-0.0854660162	0.0196117275	-0.0289968177	0.0206801601	0.0262106987	0.0750699754	0.049820361699999996	0.0889118039	-0.0571782099	0.0090233782	0.07337355870000001	-0.0070973447	-0.044741246799999995	0.0469614475	-0.05697990610000001	0.0501564525	0.010132106	-0.0234675432	0.0698283444	-0.04555522730000002	0.0444909254	-0.0421197161	-0.0698073994	-0.0767379305	0.0216809406	-0.0071141314	0.0016135598000000001	0.040977672799999997	0.0972866077	-0.022516939500000003	0.11161193369999999	-0.0757815271	0.09793085230000001	-0.0602179503	-0.0415269921	0.0336323163	0.0268044962	0.1273720599	-0.0318571175	0.2295738177	-0.0853682533	0.0539101251	0.0721293469	-0.09208046130000001	0.08979151710000001	-0.0860186637	0.0808242521	-0.0742941259	0.066536203	-0.0576786922	0.0478679739	-0.0372661819	-0.0459033	0.017335200000000002	0.0021071129508900004	0.00030050915904000005	-0.14943999999999996	0.025803000000000048	0.0006657948090000023	0.02233231359999999	-0.10761400000000003	-0.030516300000000024	0.0009312445656900016	0.011580772996000004	-0.0007454179999999998	-0.0008054535999999997	5.556479947239997e-07	6.487555017529596e-07	-0.000178955	-0.000567052	3.21547970704e-07	3.2024892025e-08	-0.00160712	0.00044268	2.5828346944e-06	1.959655824e-07	0.0	0.0	0.0	0.0	0.0	0.0	0.0	0.0	0.0	0.0	0.0	0.0	0.0	0.0	0.0	0.0	0.0	0.0	0.0	0.0	0.0	0.0	0.0	0.0	0.0	0.0	0.0	0.0	0.0	0.0	0.0	0.0	0.0	0.0	0.0	0.0	0.0	0.0	0.0	0.0	0.0	0.0	0.0	0.0	0.0	0.0	0.0	0.0	0.0	0.0	0.0	0.0	0.0	0.0	0.0	0.0	0.0	0.0	0.0	0.0	0.0	0.0	0.0	0.0	0.0	0.0	0.0	0.0	0.0	0.0	0.0	0.0	0.0	0.0	0.0	0.0	0.0	0.0	0.0	0.0	0.0	0.0	0.0	0.0	0.0	0.0	0.0	0.0	0.0
340.066093885478	-1.2595820925168368	115644.94821052672	1.5865470477890933	240.49523413034024	-0.5806299094543874	57837.95763940718	0.3371310917530101	232.39491417520244	-1.293616714899258	1.6734442050667484	54007.396134499715	1.0631389999999998	49.684875	0.2469333	-0.0243364358	-0.0540419577	0.047207553	-0.063977555	-0.07109158089999999	0.0469058019	-0.0671046933	-0.007151955600000002	-0.038746879	-0.0205416447	-0.1002004606	0.026580079700000002	-0.0372941272	-0.001551012	-0.0187007653	-0.0426081779	-0.0703402259	-0.0034440728999999997	-0.07171796450000001	-0.059973020700000004	0.12825524619999998	-0.0019676960999999997	-0.0470239164	0.0264341307	-0.0192117927	0.0236559184	-0.0098909563	0.0531357057	0.0141359825	0.0614973535	-0.0420639118	0.0124478575	-0.021198240400000002	0.04461236230000002	0.0382483322	-0.0011797122	0.011534013000000001	0.0428873802	-0.0215349929	0.08555422509999999	0.0295819812	0.030734403100000002	0.0341709945	0.0388841832	-0.0199650503	-0.1475428923	-0.021988098900000003	0.0063212128	0.0547773096	-0.0833495539	-0.0224440152	0.0022629751	0.033030413599999996	0.0725218173	-0.0295539378	0.077602398	0.054364696100000005	-0.0162315143	-0.0514516182	-0.07975044049999999	0.0345026701	0.0363051148	-0.0230035764	0.0322257232	-0.012802949099999999	-0.0074208763	-0.0209658202	0.0201735512	0.0249080559	-0.1215462695	-0.0200352753	-0.0633038153	0.0303726051	0.0214532345	-0.0254134191	0.12202047949999999	-0.0197459478	0.0170429409	-0.051896224000000005	0.0376352171	-0.0142217027	0.065696059	-0.018957499	0.0433782386	-0.0233508882	-0.0223712955	-0.07683444440000001	-0.0767403789	0.0731661921	0.049156155199999996	-0.0298115621	0.0714705555	0.0245449072	-0.0077366883	-0.0488147699	0.0182091365	0.0014213106	-0.011836093	0.1220079402	0.0227912984	-0.0028227584000000004	-0.17650451690000002	0.0223124819	-0.09223330880000001	0.0903983584	-0.0873671009	0.0831796512	-0.0778914249	0.071572405	-0.0643062155	0.056189015300000006	-0.047328225099999996	-0.13185999999999998	-0.08595669999999997	0.017387059599999994	0.007388554274889996	-0.206051	-0.05661100000000005	0.003204805321000006	0.042457014601000015	-0.149756	-0.04214199999999999	0.0017759481639999988	0.022426859536	0.000269788	0.0010152059999999998	7.278556494399999e-08	1.0306432224359994e-06	-0.000110289	6.866600000000001e-05	4.715019556000002e-09	1.2163663520999999e-08	-0.00176772	-0.0001605999999999999	3.1248339984e-06	2.5792359999999966e-08	0.0	0.0	0.0	0.0	0.0	0.0	0.0	0.0	0.0	0.0	0.0	0.0	0.0	0.0	0.0	0.0	0.0	0.0	0.0	0.0	0.0	0.0	0.0	0.0	0.0	0.0	0.0	0.0	0.0	0.0	0.0	0.0	0.0	0.0	0.0	0.0	0.0	0.0	0.0	0.0	0.0	0.0	0.0	0.0	0.0	0.0	0.0	0.0	0.0	0.0	0.0	0.0	0.0	0.0	0.0	0.0	0.0	0.0	0.0	0.0	0.0	0.0	0.0	0.0	0.0	0.0	0.0	0.0	0.0	0.0	0.0	0.0	0.0	0.0	0.0	0.0	0.0	0.0	0.0	0.0	0.0	0.0	0.0	0.0	0.0	0.0	0.0	0.0	0.0
335.7740370131308	-4.292056872347189	112744.20393209533	18.421752195462734	239.1040580795081	-1.3911760508321436	57170.75059008878	1.9353708044089188	231.49060878485068	-0.904305390351766	0.8177682390192598	53587.90195558078	1.116648	52.185562	0.28469795000000003	-0.026317964300000003	0.0252420213	-0.0088586423	0.0418603368	-0.023718872000000002	0.0182309005	-0.0177545779	0.0309399709	-0.0297582329	-0.13056136	0.0392181578	-0.0075372018000000015	-0.0084087084	0.031314159700000004	-0.0181233177	-0.0068443934	0.0585343306	0.0020889226	-0.008882786	-0.016465007	0.0538997253	0.0352185411	-0.0181507979	0.0537025157	0.05542412360000002	-0.0887839874	0.0156798964	-0.0389233666	0.0547721715	-0.0235125257	-0.0459710176	-0.0496491081	0.0614909293	0.0812226347	0.0023037694	-0.0057931838	-0.0341002741	0.041840752599999996	0.011036402399999999	0.0162781177	-0.050731047599999995	-0.043724969100000004	0.0479812473	0.0066075501	0.031376253	-0.08024779950000001	-0.030752214	0.010884146499999999	0.0208416793	0.0208287929	0.07053122889999999	0.048767997300000004	-0.0259840932	0.022259114500000003	-0.010423686	0.0385687656	-0.0098914548	-0.049983895300000004	-0.0842826335	0.0864400582	-0.0352108103	0.0680565105	-0.0165848896	-0.0015376434	0.0444827097	-0.050211327400000005	-0.0016196435999999998	-0.027007816	-0.013788536	-0.1026780277	0.0469283956	-0.050322697	0.0070974337	-0.0803402972	-0.026404125	-0.033776854700000004	-0.06213333610000001	0.04478931059999999	0.0218998246	0.053097739000000005	0.031164851	-0.0252977556	0.0139127796	0.0533412844	0.0444688339	0.0370296334	-0.0184976418	0.0161768407	0.07652136009999999	0.022420921400000002	0.008992750899999999	-0.0294134214	0.09612844279999999	-0.0308227752	0.0030465617	0.083645208	-0.0128826841	-0.0083089859	-0.0315262055	-0.0612967133	0.08849946560000001	-0.034392213	0.0036135571999999995	-0.092369244	0.090938899	-0.0885713748	0.08529107009999999	-0.0811317903	0.07613639929999999	-0.0703563777	0.0638512918	-0.0566881805	-0.170013	-0.03815300000000002	0.028904420169	0.0014556514090000015	-0.186641	0.01941000000000001	0.0003767481000000004	0.034834862881	-0.0798469	0.0699091	0.004887282262810001	0.00637552743961	0.00227618	0.002006392	5.1809953924000006e-06	4.025608857664e-06	0.000231526	0.000341815	1.16837494225e-07	5.3604288676e-08	-0.00256403	-0.0007963100000000003	6.574249840900001e-06	6.341096161000002e-07	0.0	0.0	0.0	0.0	0.0	0.0	0.0	0.0	0.0	0.0	0.0	0.0	0.0	0.0	0.0	0.0	0.0	0.0	0.0	0.0	0.0	0.0	0.0	0.0	0.0	0.0	0.0	0.0	0.0	0.0	0.0	0.0	0.0	0.0	0.0	0.0	0.0	0.0	0.0	0.0	0.0	0.0	0.0	0.0	0.0	0.0	0.0	0.0	0.0	0.0	0.0	0.0	0.0	0.0	0.0	0.0	0.0	0.0	0.0	0.0	0.0	0.0	0.0	0.0	0.0	0.0	0.0	0.0	0.0	0.0	0.0	0.0	0.0	0.0	0.0	0.0	0.0	0.0	0.0	0.0	0.0	0.0	0.0	0.0	0.0	0.0	0.0	0.0	0.0
340.0233781141019	4.249341100971094	115615.89766412551	18.05689979240223	238.57724044359355	-0.52681763591454	56919.09965768026	0.27753682151058484	230.3025901389276	-1.1880186459230802	1.4113883030609085	53039.283024698874	1.206035	56.362999	0.7109106	0.0572810768	0.057727321399999997	-0.018513348500000002	-0.0736377875	0.0488952063	-0.0261294125	-0.0828759174	-0.0286063719	0.029638687099999998	-0.0017139372	-0.007022552	-0.0618916068	0.0837394066	0.1397017405	-0.0778210295	0.0440129383	0.0562268585	0.0172891168	-0.1086855403	-0.0224573117	0.0192005196	0.0800770577	-0.0424244341	0.0071992441	0.0480576571	-0.008671287	-0.026082121899999998	0.001992247	-0.0534513543	0.0175748646	-0.0147248347	-0.013339061299999998	0.0684129066	0.0529917491	0.0160300247	0.0144755297	0.0231625034	-0.0192268958	0.0281525113	-0.015267736499999999	-0.0247096484	-0.0327526306	0.0451202521	-0.0300645015	0.0242799027	0.0400624465	0.0057377684	0.023258493999999998	-0.0178593841	-0.08727325529999999	0.0806238203	-0.0526796363	0.0223720109	-0.058969069400000004	0.0380630115	0.0072845275	0.0388458077	-0.0958016117	0.0164432357	-0.0044820918	-0.037516103599999996	-0.0829424656	-0.0991922334	-0.0341765674	-0.0454867495	-0.1471793301	-0.04534085	-0.014064963500000001	-0.0350162037	-0.0196615087	-0.052869539699999996	-0.0369675966	0.0374008548	-0.051555011399999996	0.051531827599999996	0.043053662300000003	-0.0444933375	0.0167766012	0.02610641	0.0172460212	-0.0466396925	-0.034292282599999994	0.0719831406	0.0435225712	-0.056547273099999996	0.0229717981	5.01425e-05	0.0389391761	-0.0719629784	-0.015215364299999999	-0.042946517000000003	-0.043606115	-0.10349831359999999	0.028968457599999997	-0.0551588247	0.0469952708	0.0064271897	-0.0167600521	-0.0414596195	-0.025470902099999998	-0.0882464109	-0.0499244783	0.07801837660000001	-0.0924882418	0.0914127426	-0.0896294983	0.08715231550000001	-0.0840003732	0.0801980746	-0.0757748583	0.07076497030000001	-0.0652071985	-0.202436	-0.03242299999999998	0.040980334095999986	0.0010512509289999988	0.0194254	0.20606639999999998	0.042463361208960014	0.00037734616516000007	-0.39567	-0.3158231	0.09974423049360998	0.15655474889999998	0.004248	0.00197182	1.8045504e-05	3.8880741124e-06	-0.000323726	-0.000555252	3.0830478350399997e-07	1.0479852307599999e-07	-0.00316892	-0.0006048899999999999	1.00420539664e-05	3.6589191209999976e-07	0.0	0.0	0.0	0.0	0.0	0.0	0.0	0.0	0.0	0.0	0.0	0.0	0.0	0.0	0.0	0.0	0.0	0.0	0.0	0.0	0.0	0.0	0.0	0.0	0.0	0.0	0.0	0.0	0.0	0.0	0.0	0.0	0.0	0.0	0.0	0.0	0.0	0.0	0.0	0.0	0.0	0.0	0.0	0.0	0.0	0.0	0.0	0.0	0.0	0.0	0.0	0.0	0.0	0.0	0.0	0.0	0.0	0.0	0.0	0.0	0.0	0.0	0.0	0.0	0.0	0.0	0.0	0.0	0.0	0.0	0.0	0.0	0.0	0.0	0.0	0.0	0.0	0.0	0.0	0.0	0.0	0.0	0.0	0.0	1.0	0.0	0.0	0.0	0.0
317.8248197008285	-22.198558413273357	101012.61601786416	492.77599562750953	235.16507633446255	-3.412164109130998	55302.613127393604	11.642863907641738	227.81891438268408	-2.4836757562435143	6.168645262151791	51901.457750504735	1.4981870000000002	70.016449	0.2541755	0.106832543	-0.1850709673	0.029063158999999998	0.1189071603	0.2038815088	0.0657408088	0.2042946772	0.1831009396	-0.1059964699	0.031135468	0.0216496392	0.0198927881	-0.10531944130000001	-0.09344230939999999	0.1611029293	0.0114913899	0.0426533148	0.0452906567	-0.0514836925	-0.12089085449999999	0.1290053719	-0.1394328583	0.0942503997	0.045979880599999995	0.0097485996	0.0620444125	0.047356671600000004	0.16802293170000002	-0.0496637211	0.0589844808	-0.05728225400000001	0.07032647389999999	0.0563984271	-0.0019519129999999998	-0.0827017326	0.0137952666	0.0064946744999999995	0.021761330699999998	0.026042176400000002	0.0101023973	0.0513066386	-0.07049030839999999	0.010762635100000001	0.0813844028	-0.2086102818	-0.0091299663	-0.039739417799999996	-0.2364587352	-0.0922512909	0.12865632400000002	-0.1206877009	0.1510821851	-0.1609935786	-0.2036235688	-0.0786317076	0.026855895	-0.2035774779	0.1652516263	-0.025342066	0.027714520899999998	0.0685340571	0.0553387709	0.0809840582	0.144856953	0.1766096361	-0.0232023648	-0.0010020301	-0.022623964500000003	0.06257026339999999	-0.0180846456	0.0985489932	0.0530838811	0.0987612905	0.0658408504	0.0300640335	0.2183343077	-0.0106383896	-0.0730364397	0.052736411600000005	-0.0194900099	-0.0380513545	-0.036734283799999996	-0.1486958767	-0.013936738700000001	0.0083644518	-0.060346949000000004	-0.0361616907	0.0191547154	0.133501917	-0.0262900956	0.0042496721	0.0151963158	-0.13073447259999998	-0.043686980199999996	-0.0897552288	-0.11193138679999999	0.0060482387	0.0043225431	0.0627466741	-0.13698006029999998	-0.1379108484	0.0016660427	-0.048878964500000004	-0.09259028039999999	0.0918195415	-0.0905397255	0.0887579282	-0.0864840284	0.0837306334	-0.0805130088	0.07684899419999999	-0.07275890410000001	-0.202717	-0.0002810000000000312	0.041094182089	7.896100000001755e-08	0.189252	0.1698266	0.02884107406756	0.035816319504	-0.377565	0.018104999999999986	0.0003277910249999994	0.142555329225	0.004273300000000001	2.5300000000000673e-05	1.8261092890000007e-05	6.400900000000337e-10	0.0005351619999999999	0.0008588879999999999	7.376885965439999e-07	2.8639836624399994e-07	-0.00360399	-0.00043507000000000013	1.29887439201e-05	1.8928590490000008e-07	0.0	0.0	0.0	0.0	0.0	0.0	0.0	0.0	0.0	0.0	0.0	0.0	0.0	0.0	0.0	0.0	0.0	0.0	0.0	0.0	0.0	0.0	0.0	0.0	0.0	0.0	0.0	0.0	0.0	0.0	0.0	0.0	0.0	0.0	0.0	0.0	0.0	0.0	0.0	0.0	0.0	0.0	0.0	0.0	0.0	0.0	0.0	0.0	0.0	0.0	0.0	0.0	0.0	0.0	0.0	0.0	0.0	0.0	0.0	0.0	0.0	0.0	0.0	0.0	0.0	0.0	0.0	0.0	0.0	0.0	0.0	0.0	0.0	0.0	0.0	0.0	0.0	0.0	0.0	0.0	0.0	0.0	0.0	0.0	0.0	0.0	0.0	0.0	0.0
331.41320210361187	13.588382402783338	109834.71052856947	184.6441363242719	236.31808834600932	1.1530120115467355	55846.238879512246	1.3294366987710493	229.3592076491146	1.5402932664305242	2.3725033466112126	52605.64613342968	1.601841	74.86064899999998	0.4046188	-0.035209858399999995	0.1998102539	0.1713009261	-0.05863552690000001	0.0910599735	-0.06910890559999999	-0.0394629857	0.10966956259999999	0.29619225670000005	0.0776148545	0.019800702	0.13642173529999999	0.15877568390000002	-0.0794154895	0.0267454858	-0.0707714667	0.1029163868	-0.0267335475	0.0059327941	0.0705488274	-0.006438810200000001	-0.015859790800000002	0.0027943155	-0.0510775784	-0.055457759100000004	0.054058891799999995	-0.0240721946	0.10196456400000001	0.016274773500000003	-0.0248426554	-0.0473382586	0.0156100474	0.0390456806	-0.0728799071	0.0873441573	-0.0004417931	-0.0957207221	-0.0301028263	0.0812410424	-0.0057575929000000005	-0.11242658779999999	-0.0014398479999999999	0.1019785687	-0.1422840174	0.0309840827	0.0443375445	-0.10050998	0.261258475	-0.22768608010000002	0.0190977061	-0.1206118893	-0.051572800099999996	0.0256352565	-0.0988326799	0.0533822797	-0.069122011	-0.1371478468	-0.1334173052	0.0927976392	-0.1004804426	-0.1960788922	-0.0655602015	0.1481342053	-0.0658125546	0.047888892599999996	0.0239019046	0.054808867000000004	0.0370403817	-0.0553525934	-0.014024613	-0.0162231938	0.0860419559	0.0527604451	0.1274008852	0.0405190035	0.1075320907	0.0779048541	0.0032466684000000004	-0.0464676959	-0.014421218400000001	0.042733215	-0.020943386	0.07757661099999999	0.0063360586	0.0287876796	0.030116320499999998	0.0367801325	0.0278841256	-0.1587652845	-0.0353171502	-0.1199764193	-0.0369825868	0.0396120663	0.011509196499999999	0.0691376968	0.012722339	0.1020868075	-0.004326842	-0.0739329567	-0.1197141431	0.1049990993	-0.0909920946	-0.0637662154	-0.0926753413	0.0921589975	-0.0913005544	0.09010319859999999	-0.0885713748	0.0867107692	-0.0845282884	0.0820320339	-0.0792312721	-0.0845531	0.11816389999999999	0.007149226719610002	0.013962707263209998	0.121755	-0.067497	0.004555845009000001	0.014824280024999999	-0.233408	0.14415699999999998	0.020781240649	0.054479294463999996	0.00342937	-0.0008439300000000004	1.1760578596900003e-05	7.12217844900001e-07	0.0010159	0.00048073800000000003	2.31109024644e-07	1.0320528099999995e-06	-0.00343264	0.00017135000000000023	1.17830173696e-05	2.9360822500000085e-08	0.0	0.0	0.0	0.0	0.0	0.0	0.0	0.0	0.0	0.0	0.0	0.0	0.0	0.0	0.0	0.0	0.0	0.0	0.0	0.0	0.0	0.0	0.0	0.0	0.0	0.0	0.0	0.0	0.0	0.0	0.0	0.0	0.0	0.0	0.0	0.0	0.0	0.0	0.0	0.0	0.0	0.0	0.0	0.0	0.0	0.0	0.0	0.0	0.0	0.0	0.0	0.0	0.0	0.0	0.0	0.0	0.0	0.0	0.0	0.0	0.0	0.0	0.0	0.0	0.0	0.0	0.0	0.0	0.0	0.0	0.0	0.0	0.0	0.0	0.0	0.0	0.0	0.0	0.0	0.0	0.0	0.0	0.0	0.0	0.0	1.0	0.0	0.0	0.0
338.84091649281396	7.4277143892020945	114813.16668969012	55.17094104755984	239.5368959318933	3.2188075858840084	57377.92451268668	10.360722274944436	232.5213518259889	3.162144176874307	9.999155795340087	54066.179054985325	1.633291	76.33042899999998	0.612209959	-0.046167964900000004	0.0751321781	-0.1601862497	-0.0576691372	-0.0507596334	-0.1814137201	-0.0041225238	-0.0073018815	-0.0946608139	-0.012684911200000001	0.0414224535	-0.0052295511	0.007212559	-0.0531030082	-0.0729906335	0.009899341899999999	0.053405812999999996	0.0361337812	0.1310207148	0.0012825403	0.026998452000000003	0.11900214390000001	0.17532388710000002	-0.050810329	0.0174912555	0.1603498417	0.0622341972	-0.08156069190000001	0.08500924119999999	-0.078513549	-0.0167559078	-0.020001166	-0.1181464774	-0.0012246412	0.0879951647	0.024197964199999998	-0.0261220732	-0.07724298	0.0855338029	-0.0135072424	-0.0070752987	-0.08608122689999999	-0.0460533535	0.1028139152	0.10507969730000001	-0.0063478334999999995	-0.0033721284999999996	0.0263265921	0.08959670539999999	0.045655955	0.12478596939999999	-0.10485587310000001	-0.0136978473	0.0462942728	0.1876337927	0.0149905521	0.0113044931	0.09048523800000001	-0.0596515473	0.0595739657	0.0008173478999999999	0.0313272144	0.041997070899999996	-0.058884285099999996	0.0603891605	0.0706754119	0.0189715754	-0.158293071	-0.0125860156	0.1580346805	-0.0380188487	-0.0703106897	0.08820121060000001	0.07121524629999999	0.045352199800000007	-0.1610552273	-0.074187043	0.0303704345	-0.05353287599999999	0.010229994899999999	0.0507012837	-0.0115476259	-0.0604163396	-0.026522620400000002	-0.043230922000000005	0.1305738041	-0.1092257605	-0.0404364351	-0.0323140632	-0.0650526255	0.0058299748	-0.1091126365	-0.12205238539999999	0.069220132	0.04700148	-0.056163259400000005	0.0525782729	0.0474307088	0.053975834199999996	-0.052393317	0.07016029	0.06867869730000001	-0.0414838434	-0.0927434086	0.0924308615	-0.0919107295	0.0911841808	-0.0902528472	0.08911882019999999	-0.0877846467	0.0862533231	-0.0845282884	0.00211037	0.08666347	4.453661536899998e-06	0.007510557032440902	0.148841	0.027086000000000002	0.0007336513959999999	0.022153643281	-0.0008763109999999997	0.23253168899999999	0.05407098638919273	7.679209687209996e-07	-0.000504576	-0.003933946	2.54596939776e-07	1.5475931130916e-05	0.00110947	9.357000000000008e-05	8.755344900000012e-09	1.2309236809e-06	-0.00214158	0.0012910599999999995	4.5863648964000015e-06	1.666835923599999e-06	0.0	0.0	0.0	0.0	0.0	0.0	0.0	0.0	0.0	0.0	0.0	0.0	0.0	0.0	0.0	0.0	0.0	0.0	0.0	0.0	0.0	0.0	0.0	0.0	0.0	0.0	0.0	0.0	0.0	0.0	0.0	0.0	0.0	0.0	0.0	0.0	0.0	0.0	0.0	0.0	0.0	0.0	0.0	0.0	0.0	0.0	0.0	0.0	0.0	0.0	0.0	0.0	0.0	0.0	0.0	0.0	0.0	0.0	0.0	0.0	0.0	0.0	0.0	0.0	0.0	0.0	0.0	0.0	0.0	0.0	0.0	0.0	0.0	0.0	0.0	0.0	0.0	0.0	0.0	0.0	0.0	0.0	0.0	0.0	0.0	0.0	1.0	0.0	0.0
330.7719637324252	-8.068952760388754	109410.0919914048	65.1079986493853	239.5516023917427	0.014706459849406885	57384.97020845159	0.00021627996130221672	231.31444706875303	-1.2069047572358895	1.4566190930386218	53506.373422722936	1.235116	57.722069	0.6748342909999999	-0.1107789457	-0.1808019096	-0.1280438703	0.0035823294	-0.1336296404	-0.0634270466	0.1543609761	0.0371251277	-0.13306857619999998	0.0447261746	-0.08763201359999999	0.0212451478	-0.0532244784	-0.0650807562	-0.0033450116	0.0481866839	-0.027531329700000003	-0.027071012400000004	0.0208907893	0.0075912874	-0.0884381467	0.0002007266	-0.056221495499999996	-0.1409117905	0.0748641974	-0.0459130934	0.096957898	0.0736280986	-0.0745962452	0.00041555440000000003	-0.0238235438	0.0346571873	-0.0248208206	0.011891343300000001	0.0420189892	0.0251511255	0.0674048849	0.0115963771	-0.0373772607	0.0696252481	0.10317249699999999	-0.08779124519999999	-0.0186055359	0.0497040167	0.0217333913	0.1113861022	0.065042955	-0.0995631014	0.19732169789999998	0.08672399380000001	-0.0916941648	-0.052740513200000005	-0.0204265675	0.141252714	0.0530246755	-0.0159481703	-0.0737544846	0.16963623579999998	-0.0776728822	-0.0696466176	0.0666629495	0.0519633724	-0.0007535469	0.0017162795000000002	-0.06224580480000001	-0.0069283466	0.0114225597	0.0326516816	0.007371277	0.053115456299999995	-0.04657590440000002	0.0336926409	-0.0945928325	0.0315776547	0.0003236116	0.00020100419999999998	-0.0249874613	0.0242587427	0.0121441453	-0.0771477908	0.0092585176	0.0038467149	-0.08402743609999999	0.069001723	0.0320713725	0.06303994190000001	0.12752257349999999	0.0582866069	-0.0434655388	0.091251167	0.0420706663	-0.1110187077	-0.050607049400000007	0.1507360881	-0.032650186	-0.0184810122	-0.0374383363	0.021698761299999998	-0.10337686039999999	-0.0344376637	0.0575193057	0.17208009440000002	0.0078357186	-0.0927944701	0.0926349341	-0.092369244	0.09199770410000001	-0.09152074019999999	0.090938899	-0.0902528472	0.08946337089999999	-0.0885713748	0.06598430000000001	0.06387393000000001	0.004353927846490001	0.0040798789336449	-0.16253800000000002	-0.311379	0.096956881641	0.02641860144400001	0.13743699999999998	0.13831331099999994	0.01913057199978271	0.018888928968999998	-0.00275908	-0.002254504	7.612522446400002e-06	5.082788286016e-06	0.000805103	-0.00030436699999999994	9.263927068899996e-08	6.481908406090001e-07	-0.00147509	0.00066649	2.1758905081000004e-06	4.442089201000001e-07	0.0	0.0	0.0	0.0	0.0	0.0	0.0	0.0	0.0	0.0	0.0	0.0	0.0	0.0	0.0	0.0	0.0	0.0	0.0	0.0	0.0	0.0	0.0	0.0	0.0	0.0	0.0	0.0	0.0	0.0	0.0	0.0	0.0	0.0	0.0	0.0	0.0	0.0	0.0	0.0	0.0	0.0	0.0	0.0	0.0	0.0	0.0	0.0	0.0	0.0	0.0	0.0	0.0	0.0	0.0	0.0	0.0	0.0	0.0	0.0	0.0	0.0	0.0	0.0	0.0	0.0	0.0	0.0	0.0	0.0	0.0	0.0	0.0	0.0	0.0	0.0	0.0	0.0	0.0	0.0	0.0	0.0	0.0	0.0	0.0	0.0	0.0	1.0	0.0
339.4466838379901	8.674720105564916	115224.05116860842	75.25076890989219	241.3755769728748	1.8239745811320915	58262.1691589882	3.326883272615989	233.30629893193841	1.9918518631853883	3.967473844875104	54431.82912131902	1.234135	57.676216	0.29818305	-0.09095399900000001	-0.0372796488	0.061279985999999995	0.009793329	-0.1611464403	0.07388246679999999	-0.0412925314	0.0008658855999999999	-0.0421504805	-0.0303209129	-0.0043395206	0.055439056699999996	0.0243891154	0.0077672544	-0.059419081900000004	-0.0391603112	0.1046139009	-0.0275262458	-0.0225278904	-0.013151751299999999	0.0002076727	0.0162219555	0.0449645612	-0.0950606218	-0.0342018936	0.0015156139000000002	-0.0382665734	-0.0831073847	0.0340495537	-0.0347059318	-4.3421400000000004e-05	-0.1101783234	-0.052379713	-0.0275847154	-0.09644242609999999	-0.0048445832000000005	-0.0071454192	-0.060576350099999995	-0.0097161922	-0.0184008272	0.1571210237	-0.0203564294	-0.0095328212	0.004991746500000001	-0.0074168352	-0.0418118819	0.025536211899999998	0.060567297400000004	0.10978569349999999	-0.0450627052	-0.0447683754	0.06216697700000001	0.0553528978	0.1595307499	-0.0578381003	0.0696510762	0.0259024153	0.0228655839	-0.042118027599999996	0.0269452333	-0.0575117421	0.0242507567	0.0105341413	-0.0647971589	0.0162562154	-0.07321396919999999	0.034858854700000004	-0.0347906694	0.0510563541	0.0022798185	-0.0728961649	0.0552691274	-0.0457468228	-0.0398133517	0.0630194261	-0.1449444862	-0.09281417609999999	-0.0182753873	0.0375326749	0.061182309000000004	0.0252151133	-0.0844611474	0.0026713902	-0.0285843792	-0.0125510444	-0.1047808791	-0.010319111899999999	0.0893763484	0.014639460200000001	0.051972492300000006	0.0133042867	-0.0100362218	0.0164610273	-0.0316420567	-0.016614998	0.0186365109	-0.0416846315	-0.0664011498	0.0049710217	0.0811153529	-0.0647500685	-0.0366419651	-0.0731694374	-0.09282851630000001	0.0927710658	-0.0926753413	0.09254138220000001	-0.092369244	0.0921589975	-0.0919107295	0.09162454240000001	-0.0913005544	0.080932	0.014947699999999994	0.006549988624000001	0.00022343373528999985	-0.377362	-0.214824	0.04614935097599998	0.142402079044	0.125219	-0.012217999999999979	0.00014927952399999952	0.015679797961	-0.00223271	0.00052637	4.9849939441000005e-06	2.770653769e-07	0.00130611	0.0005010069999999999	2.5100801404900003e-07	1.7059233321000005e-06	-0.00157158	-9.648999999999987e-05	2.4698636964e-06	9.310320099999972e-09	0.0	0.0	0.0	0.0	0.0	0.0	0.0	0.0	0.0	0.0	0.0	0.0	0.0	0.0	0.0	0.0	0.0	0.0	0.0	0.0	0.0	0.0	0.0	0.0	0.0	0.0	0.0	0.0	0.0	0.0	0.0	0.0	0.0	0.0	0.0	0.0	0.0	0.0	0.0	0.0	0.0	0.0	0.0	0.0	0.0	0.0	0.0	0.0	0.0	0.0	0.0	0.0	0.0	0.0	0.0	0.0	0.0	0.0	0.0	0.0	0.0	0.0	0.0	0.0	0.0	0.0	0.0	0.0	0.0	0.0	0.0	0.0	0.0	0.0	0.0	0.0	0.0	0.0	0.0	0.0	0.0	0.0	0.0	0.0	0.0	0.0	0.0	0.0	0.0
333.42833900392776	-6.018344834062361	111174.45725091816	36.22047454168512	239.41822187888408	-1.9573550939907136	57321.08496764657	3.831238963971396	230.50333422345523	-2.8029647084831883	7.856611157002241	53131.7870881299	1.277647	59.70970500000001	1.0248694999999999	-0.0190954464	-0.0438129356	-0.019315161100000002	0.0863882369	-0.022238192099999998	0.065776307	0.006450163399999999	0.0204319766	-0.038941153799999996	-0.1444313917	0.0139372477	-0.0198968515	-0.0241449518	0.0742025658	-0.0044657088	0.0083594292	-0.0031142016	0.0377711399	0.0910767722	0.050099904199999996	0.0630345283	-0.0074255486	0.0044030195	0.0168042586	-0.0222132546	-0.045871924	0.0592921396	0.0368490379	-0.0499268417	-0.0373284118	0.051447195099999996	-0.0716851887	0.0160950842	-0.014690476599999999	-0.0514126259	0.0484439555	-0.0239113094	-0.0415190722	-0.0048272027	-0.1112332189	-0.045635033	0.0421681742	0.0061933552	0.0046146068	0.005856392199999999	-0.058492769000000014	0.0794422813	-0.038768202	0.0456388867	0.037735498900000004	0.0377687815	0.0788673578	-0.035359774	0.0267698019	-0.060521851900000014	0.0392859801	0.00045220089999999997	-0.0713130621	-0.0735901589	0.0859012691	-0.0095673343	-0.0005195073	-0.0569198072	-0.014678662299999999	0.0193485699	0.073723078	-0.0229850404	-0.0799140793	-0.029441977	-0.0346936258	0.0304166521	0.0299573998	0.020778282	-0.028341680299999998	0.0477888026	-0.0430718707	0.0196142579	-0.0562199679	-0.023885869900000002	-0.0021136459	0.0234765699	-0.021481853999999998	0.092291397	-0.0332529081	0.0108197472	-0.0437028455	0.0198336484	-0.076366326	0.0284014829	-0.0220129261	0.0215368053	0.1243665051	-0.0187686894	-0.08871326119999999	-0.0723806581	0.0232952819	-0.0994535505	-0.0027600529999999997	-0.023448460499999997	0.0071382449	0.0085834411	0.021761040699999998	-0.0060701779	-0.0928455409	0.0928391566	-0.09282851630000001	0.09281362060000001	-0.0927944701	0.0927710658	-0.0927434086	0.0927115	-0.0926753413	-0.153007	-0.23393899999999998	0.023411142048999998	0.054727455721	-0.238842	0.13851999999999998	0.019187790399999998	0.057045500964000004	-0.127437	-0.252656	0.06383505433600001	0.016240188968999997	0.00366204	0.005894750000000001	1.34105369616e-05	3.4748077562500015e-05	0.0011952000000000006	-0.00011090999999999944	1.2301028099999877e-08	1.4285030400000015e-06	-0.00356101	-0.00198943	1.26807922201e-05	3.9578317249e-06	0.0	0.0	0.0	0.0	0.0	0.0	0.0	0.0	0.0	0.0	0.0	0.0	0.0	0.0	0.0	0.0	0.0	0.0	0.0	0.0	0.0	0.0	0.0	0.0	0.0	0.0	0.0	0.0	0.0	0.0	0.0	0.0	0.0	0.0	0.0	0.0	0.0	0.0	0.0	0.0	0.0	0.0	0.0	0.0	0.0	0.0	0.0	0.0	0.0	0.0	0.0	0.0	0.0	0.0	0.0	0.0	0.0	0.0	0.0	0.0	0.0	0.0	0.0	0.0	0.0	0.0	0.0	0.0	0.0	0.0	0.0	0.0	0.0	0.0	0.0	0.0	0.0	0.0	0.0	0.0	0.0	0.0	0.0	0.0	0.0	0.0	0.0	0.0	1.0
